1651 9 b000 1 4718 9
268
274
276
277
276
272
267
259
249
238
224
209
192
173
153
132
109
86
62
38
13
-10
-35
-61
-85
-108
-131
-152
-172
-192
-208
-225
-238
-250
-259
-267
-273
-276
-278
-276
-272
-267
-260
-250
-239
-225
-210
-193
-175
-155
-134
-112
-89
-65
-41
-17
6
30
55
79
102
125
146
167
185
202
219
233
244
256
263
269
275
276
276
275
270
264
256
245
233
219
203
186
167
146
125
103
79
55
30
6
-18
-43
-67
-91
-114
-137
-158
-177
-196
-212
-228
-241
-253
-261
-268
-273
-276
-277
-275
-270
-265
-256
-246
-234
-221
-205
-187
-169
-148
-127
-104
-82
-57
-33
-9
14
38
63
86
109
132
153
172
191
208
224
237
248
259
266
273
276
277
277
274
269
262
253
242
229
215
198
180
161
140
118
95
72
48
23
0
-26
-50
-74
-98
-121
-144
-164
-184
-201
-217
-232
-244
-256
-264
-271
-274
-276
-277
-274
-269
-262
-254
-243
-231
-216
-200
-182
-163
-142
-121
-98
-74
-51
-26
-2
21
46
70
93
116
138
159
178
196
213
228
241
252
262
269
273
277
277
277
273
267
260
250
239
225
210
193
175
155
133
111
88
64
40
15
-8
-34
-58
-83
-106
-129
-151
-170
-189
-207
-222
-237
-248
-257
-266
-271
-276
-277
-276
-273
-267
-260
-251
-239
-226
-211
-195
-176
-157
-136
-114
-91
-67
-44
-19
4
29
53
78
101
123
145
165
185
202
219
233
244
256
264
271
275
277
278
276
272
266
258
247
235
221
205
188
169
148
127
104
81
57
32
8
-17
-41
-66
-90
-113
-135
-157
-177
-195
-212
-227
-241
-252
-260
-269
-273
-276
-277
-275
-271
-266
-257
-247
-236
-222
-207
-189
-171
-151
-130
-107
-84
-61
-36
-12
12
36
61
84
108
129
151
171
189
207
222
235
248
257
266
272
276
278
278
275
270
263
254
243
231
216
200
182
163
142
120
97
74
50
25
1
-24
-48
-74
-97
-120
-142
-163
-182
-201
-216
-232
-244
-254
-263
-270
-275
-276
-276
-273
-269
-263
-254
-244
-231
-217
-201
-184
-165
-144
-123
-100
-77
-53
-29
-5
18
43
67
91
113
135
157
176
195
211
225
239
250
260
267
273
276
277
276
273
268
260
251
240
226
211
195
176
156
135
113
90
66
42
17
-6
-31
-56
-80
-104
-127
-149
-169
-188
-206
-221
-236
-247
-257
-266
-271
-275
-277
-276
-273
-268
-261
-251
-240
-227
-213
-196
-178
-159
-138
-116
-93
-70
-46
-21
2
25
50
74
97
120
141
161
181
199
216
230
243
253
261
269
273
277
277
276
271
265
255
243
228
213
196
178
161
144
125
107
88
69
50
30
10
-10
-32
-52
-73
-94
-113
-133
-153
-171
-188
-203
-216
-230
-243
-254
-263
-270
-275
-279
-282
-282
-281
-277
-272
-264
-256
-246
-234
-220
-205
-188
-169
-150
-129
-107
-85
-62
-39
-15
9
34
59
84
108
134
162
189
215
238
259
276
289
297
299
295
288
277
263
248
232
215
197
178
159
140
120
100
79
58
36
14
-8
-30
-53
-77
-99
-121
-142
-164
-185
-205
-223
-239
-254
-270
-282
-294
-305
-312
-318
-322
-326
-326
-326
-322
-318
-311
-302
-292
-279
-266
-250
-232
-213
-190
-165
-137
-105
-70
-33
7
50
93
135
174
210
241
268
291
313
328
339
347
352
351
347
340
330
317
302
287
269
251
232
213
193
172
152
130
109
86
64
41
18
-5
-29
-53
-78
-102
-127
-150
-173
-195
-217
-239
-259
-277
-295
-313
-328
-341
-355
-366
-375
-382
-390
-394
-396
-398
-397
-394
-389
-383
-374
-364
-352
-339
-324
-307
-288
-267
-244
-218
-188
-155
-119
-78
-33
15
66
119
171
221
265
305
340
370
394
415
429
438
440
437
431
421
407
391
371
349
326
302
277
251
224
197
170
142
115
87
58
30
1
-28
-57
-87
-117
-147
-177
-205
-233
-260
-287
-312
-337
-358
-379
-399
-417
-433
-449
-462
-471
-479
-486
-490
-492
-492
-489
-484
-477
-468
-456
-442
-426
-407
-386
-364
-339
-312
-281
-246
-207
-163
-112
-56
5
71
138
204
264
320
369
413
450
480
503
517
524
525
520
511
497
479
457
433
406
377
347
315
284
252
219
187
155
123
92
60
28
-4
-36
-69
-101
-134
-166
-197
-228
-258
-288
-315
-342
-367
-391
-413
-434
-452
-469
-483
-496
-506
-514
-520
-523
-524
-522
-518
-512
-503
-492
-478
-462
-444
-423
-400
-375
-348
-317
-283
-244
-201
-152
-98
-37
28
97
164
228
288
341
388
428
461
488
507
519
524
524
519
508
493
475
452
427
400
370
340
309
277
245
212
180
148
116
84
52
20
-12
-44
-77
-110
-143
-175
-206
-237
-267
-296
-324
-350
-375
-399
-420
-440
-458
-474
-488
-500
-509
-516
-521
-524
-524
-521
-516
-508
-498
-486
-471
-454
-434
-412
-388
-362
-332
-300
-263
-221
-175
-122
-63
1
69
138
204
265
321
371
414
450
479
501
516
523
525
521
512
499
481
459
434
407
378
348
316
284
251
219
186
154
121
89
56
23
-8
-42
-75
-108
-141
-174
-206
-237
-268
-297
-325
-352
-377
-400
-422
-442
-460
-476
-489
-501
-509
-515
-519
-520
-520
-516
-510
-501
-490
-476
-460
-442
-421
-399
-374
-347
-317
-283
-245
-203
-154
-100
-39
26
94
161
226
286
338
384
425
458
485
505
517
522
521
515
504
488
468
444
417
388
357
326
293
260
227
194
161
128
94
61
28
-4
-38
-72
-106
-140
-173
-205
-237
-268
-297
-325
-353
-378
-401
-422
-442
-459
-476
-489
-500
-507
-513
-516
-517
-515
-511
-503
-494
-482
-468
-451
-431
-410
-387
-360
-332
-300
-264
-224
-179
-127
-69
-6
60
128
194
257
312
361
404
439
469
491
506
514
516
510
501
486
468
447
420
392
362
330
298
265
231
198
164
130
97
63
29
-4
-38
-73
-107
-141
-175
-208
-240
-271
-300
-328
-355
-381
-404
-426
-444
-462
-476
-489
-500
-508
-512
-514
-514
-511
-506
-498
-488
-474
-458
-440
-420
-397
-372
-345
-314
-280
-242
-199
-150
-94
-33
32
100
167
231
289
341
385
423
454
478
496
507
509
506
498
486
468
447
422
394
364
333
301
268
235
201
168
134
100
67
33
0
-35
-69
-104
-138
-172
-205
-237
-267
-297
-325
-352
-378
-401
-423
-441
-458
-472
-485
-495
-501
-506
-508
-507
-503
-497
-490
-477
-463
-447
-428
-407
-384
-358
-330
-298
-263
-223
-178
-127
-70
-7
59
126
192
253
308
355
396
430
458
480
493
501
500
495
483
468
450
427
400
371
340
309
277
244
211
178
144
111
78
44
10
-23
-57
-91
-124
-158
-192
-224
-254
-284
-312
-339
-365
-388
-410
-429
-444
-459
-472
-482
-490
-495
-497
-495
-493
-487
-479
-468
-454
-437
-419
-398
-375
-350
-322
-291
-256
-217
-68
-44
-20
4
29
52
77
99
123
143
165
183
200
217
231
245
255
263
271
275
278
277
276
272
265
256
245
232
217
201
183
163
143
120
98
74
50
25
0
-24
-48
-71
-96
-118
-140
-160
-179
-198
-214
-229
-242
-252
-261
-268
-273
-275
-276
-274
-271
-265
-256
-247
-234
-221
-205
-188
-169
-149
-129
-106
-84
-61
-36
-12
11
36
60
84
106
128
149
169
187
205
222
235
247
256
265
271
275
277
277
274
268
261
252
241
227
212
195
176
157
136
113
91
67
42
18
-7
-31
-55
-79
-102
-124
-146
-167
-185
-202
-218
-233
-245
-256
-264
-271
-274
-276
-276
-274
-270
-263
-254
-243
-230
-216
-200
-182
-163
-143
-122
-100
-77
-52
-29
-4
20
44
67
91
113
134
156
175
194
210
226
239
250
261
268
272
276
277
276
272
266
259
249
237
223
207
190
171
151
129
107
84
59
35
11
-14
-38
-62
-86
-109
-131
-153
-172
-190
-208
-223
-237
-249
-258
-266
-272
-276
-277
-275
-273
-268
-260
-251
-240
-227
-212
-195
-177
-157
-137
-115
-92
-69
-46
-21
2
27
51
75
98
120
143
162
183
200
217
231
244
255
264
270
275
277
277
276
271
265
256
246
233
218
202
184
165
144
123
100
76
52
27
3
-22
-46
-69
-92
-116
-137
-158
-177
-196
-212
-227
-241
-251
-261
-268
-273
-276
-276
-275
-271
-266
-258
-248
-236
-222
-207
-190
-171
-151
-131
-108
-86
-62
-38
-14
10
34
59
82
106
128
150
169
187
206
221
236
248
258
267
272
277
278
278
275
270
263
254
242
229
214
197
178
159
138
116
93
69
45
20
-4
-28
-52
-77
-100
-122
-144
-164
-184
-201
-218
-232
-244
-255
-263
-269
-274
-276
-277
-274
-270
-263
-255
-244
-232
-218
-202
-184
-165
-145
-124
-102
-79
-55
-31
-6
18
42
65
89
112
133
155
174
193
210
224
239
250
261
268
273
277
277
277
273
268
260
250
238
224
209
191
173
152
131
109
85
62
37
12
-11
-35
-59
-84
-106
-129
-150
-169
-188
-205
-220
-235
-246
-257
-265
-270
-273
-276
-275
-273
-267
-261
-251
-240
-227
-213
-196
-178
-159
-139
-117
-95
-72
-47
-23
0
25
48
73
96
118
140
160
180
198
215
229
243
254
262
270
274
278
278
275
272
265
257
247
234
220
203
186
166
146
124
102
78
54
30
5
-19
-44
-68
-91
-113
-136
-156
-176
-194
-210
-225
-239
-250
-260
-267
-271
-275
-276
-274
-271
-266
-258
-248
-237
-223
-208
-191
-173
-153
-132
-111
-88
-65
-41
-16
7
32
56
84
111
137
161
182
200
213
226
237
248
257
265
271
275
277
279
280
279
275
270
264
255
246
235
223
209
193
177
159
140
121
100
79
58
35
12
-10
-33
-55
-77
-99
-120
-141
-161
-180
-198
-214
-229
-243
-255
-266
-273
-280
-284
-286
-287
-287
-284
-278
-268
-257
-243
-224
-201
-173
-141
-105
-66
-26
13
51
87
119
148
173
196
217
236
250
263
274
285
294
302
307
311
313
315
314
312
308
302
294
284
274
261
247
232
215
196
177
157
135
113
89
66
42
16
-7
-33
-57
-82
-106
-129
-153
-174
-196
-216
-235
-254
-271
-288
-304
-318
-329
-334
-337
-335
-326
-312
-293
-270
-243
-214
-182
-148
-113
-77
-41
-3
33
68
103
135
165
192
218
240
261
280
296
312
325
336
347
355
363
368
373
376
377
377
375
373
368
362
353
343
332
319
305
289
272
253
234
213
191
169
145
120
95
69
43
16
-10
-37
-64
-90
-118
-143
-169
-193
-218
-241
-263
-285
-305
-326
-346
-365
-382
-396
-407
-414
-417
-413
-403
-385
-361
-331
-297
-259
-217
-172
-126
-79
-32
13
57
101
143
183
220
254
285
314
339
363
385
402
418
431
442
452
459
466
470
473
473
471
468
463
456
446
435
421
406
388
369
349
327
303
277
251
223
194
164
133
101
69
36
3
-30
-63
-97
-130
-163
-195
-226
-256
-286
-312
-339
-365
-391
-415
-438
-459
-479
-494
-504
-509
-505
-492
-471
-441
-404
-361
-314
-262
-206
-149
-91
-36
17
70
120
169
215
258
297
333
366
394
420
442
461
477
490
501
510
517
522
524
525
524
520
515
507
498
486
472
456
439
419
397
374
349
322
294
265
234
203
170
136
102
67
31
-4
-40
-75
-111
-146
-180
-214
-246
-278
-308
-337
-365
-391
-417
-441
-463
-483
-501
-515
-523
-523
-515
-498
-472
-438
-398
-353
-303
-249
-193
-135
-78
-23
29
81
131
179
224
266
305
340
372
400
425
446
464
480
493
504
512
518
522
525
525
523
519
513
505
495
482
468
451
433
412
390
366
340
313
284
254
223
191
158
123
88
53
17
-18
-54
-90
-126
-161
-195
-229
-261
-293
-323
-351
-378
-404
-429
-453
-475
-494
-508
-520
-524
-519
-506
-483
-452
-414
-370
-322
-269
-213
-155
-98
-42
12
64
115
164
211
255
295
331
364
393
419
442
461
477
491
502
511
517
522
524
525
523
519
513
505
495
482
468
451
432
412
389
364
338
311
281
251
219
186
152
117
82
46
10
-26
-61
-97
-132
-167
-200
-233
-264
-295
-323
-351
-377
-403
-427
-450
-472
-491
-504
-512
-514
-505
-489
-463
-430
-389
-344
-294
-240
-183
-125
-67
-12
41
94
144
193
239
281
319
354
384
412
435
456
473
488
500
509
516
521
524
525
523
520
514
506
495
483
468
451
431
410
387
362
335
306
276
245
213
179
145
110
74
38
1
-34
-71
-106
-141
-176
-210
-243
-273
-304
-333
-359
-385
-410
-434
-456
-477
-493
-504
-509
-505
-492
-470
-440
-403
-359
-311
-258
-203
-145
-88
-32
22
75
126
175
222
267
307
343
375
403
429
451
471
486
499
508
515
521
524
525
523
520
513
505
495
481
466
448
427
406
382
356
329
300
269
237
204
170
135
99
63
26
-10
-46
-83
-119
-155
-189
-222
-254
-286
-315
-342
-370
-395
-420
-443
-464
-483
-497
-504
-504
-494
-476
-449
-414
-373
-326
-275
-221
-164
-106
-49
4
58
109
160
207
252
293
330
361
390
417
440
460
476
489
499
508
513
517
518
517
514
508
500
489
475
460
441
422
400
376
350
322
293
263
230
197
163
128
92
55
19
-17
-53
-90
-126
-160
-195
-228
-260
-290
-319
-347
-373
-398
-421
-444
-465
-481
-493
-497
-493
-480
-458
-429
-391
-347
-299
-246
-191
-134
-78
-22
30
83
133
181
228
270
307
341
372
399
423
443
462
475
486
494
501
505
508
508
505
499
491
482
470
455
438
418
397
373
349
321
293
263
231
198
165
130
94
58
22
-13
-49
-85
-121
-156
-189
-221
-253
-282
-311
-339
-365
-389
-412
-435
6769
7869
8908
9875
10763
11564
12275
12892
13411
13827
14131
14319
14391
14349
14194
13925
13546
13067
12491
11823
11064
10206
9258
8234
7143
5994
4797
3566
2306
1031
-244
-1515
-2773
-4013
-5224
-6397
-7520
-8583
-9577
-10494
-11325
-12067
-12714
-13264
-13713
-14054
-14279
-14388
-14382
-14262
-14030
-13685
-13231
-12678
-12030
-11295
-10476
-9568
-8573
-7506
-6379
-5200
-3979
-2730
-1462
-184
1088
2348
3588
4806
5987
7125
8206
9221
10162
11022
11793
12473
13058
13545
13925
14190
14342
14379
14300
14106
13802
13390
12878
12272
11576
10786
9898
8925
7877
6766
5602
4394
3151
1887
613
-662
-1928
-3178
-4410
-5611
-6768
-7873
-8915
-9885
-10775
-11579
-12290
-12905
-13421
-13836
-14139
-14326
-14398
-14357
-14201
-13932
-13553
-13069
-12485
-11811
-11051
-10207
-9272
-8255
-7168
-6022
-4831
-3602
-2343
-1070
204
1474
2729
3962
5170
6340
7462
8524
9520
10439
11273
12019
12672
13229
13685
14033
14264
14381
14382
14269
14044
13707
13264
12725
12091
11367
10547
9632
8634
7568
6440
5259
4038
2789
1519
242
-1029
-2291
-3538
-4761
-5949
-7093
-8180
-9201
-10148
-11013
-11789
-12474
-13062
-13551
-13935
-14206
-14361
-14402
-14327
-14139
-13840
-13430
-12915
-12305
-11605
-10821
-9950
-8988
-7948
-6843
-5684
-4478
-3237
-1975
-700
576
1842
3090
4318
5516
6672
7778
8822
9794
10689
11498
12216
12840
13368
13793
14105
14302
14385
14354
14207
13946
13577
13105
12536
11876
11125
10274
9334
8315
7228
6084
4894
3664
2406
1135
-141
-1413
-2671
-3912
-5128
-6306
-7433
-8502
-9503
-10426
-11265
-12015
-12670
-13227
-13684
-14035
-14269
-14387
-14392
-14283
-14060
-13724
-13282
-12738
-12100
-11374
-10565
-9667
-8681
-7621
-6498
-5322
-4107
-2860
-1592
-316
956
2219
3461
4681
5868
7012
8100
9124
10076
10946
11728
12419
13016
13514
13907
14185
14349
14398
14331
14151
13860
13459
12958
12363
11675
10895
10015
9048
8007
6902
5741
4533
3293
2029
752
-524
-1792
-3046
-4282
-5486
-6650
-7761
-8810
-9788
-10688
-11502
-12224
-12851
-13380
-13806
-14123
-14322
-14407
-14378
-14233
-13976
-13609
-13134
-12559
-11894
-11142
-10305
-9380
-8370
-7289
-6152
-4965
-3737
-2481
-1211
65
1338
2594
3829
5040
6214
7341
8411
9413
10340
11184
11939
12602
13168
13636
13995
14238
14366
14380
14280
14065
13737
13305
12774
12148
11434
10622
9715
8725
7664
6540
5365
4151
2902
1633
358
-916
-2182
-3430
-4657
-5851
-7000
-8092
-9121
-10075
-10947
-11731
-12423
-13018
-13513
-13906
-14185
-14347
-14396
-14330
-14152
-13860
-13456
-12950
-12347
-11654
-10877
-10015
-9061
-8028
-6929
-5772
-4570
-3336
-2075
-800
474
1740
2990
4218
5418
6578
7687
8736
9716
10617
11433
12158
12791
13327
13761
14083
14290
14382
14359
14221
13973
13614
13150
12591
11939
11195
10354
9421
8406
7325
6186
4996
3767
2512
1241
-35
-1307
-2566
-3809
-5028
-6207
-7340
-8415
-9421
-10352
-11200
-11957
-12621
-13187
-13654
-14015
-14259
-14388
-14403
-14303
-14087
-13761
-13327
-12789
-12158
-11439
-10635
-9744
-8765
-7710
-6592
-5423
-4210
-2962
-1695
-420
853
2116
3358
4578
5767
6913
8004
9033
9989
10865
11706
12698
13787
14870
15884
16786
17548
18151
18585
18844
18928
18836
18572
18141
17547
16796
15893
14848
13686
12430
11097
9704
8263
6782
5273
3748
2214
680
-838
-2333
-3797
-5226
-6612
-7948
-9222
-10424
-11548
-12588
-13533
-14382
-15128
-15766
-16296
-16717
-17028
-17222
-17297
-17255
-17099
-16830
-16451
-15963
-15371
-14683
-13901
-13038
-12102
-11089
-9978
-8758
-7423
-5975
-4417
-2754
-993
854
2772
4741
6727
8702
10646
12533
14323
15991
17513
18873
20057
21056
21864
22479
22897
23120
23150
22990
22642
22113
21405
20528
19491
18318
17033
15651
14191
12663
11076
9441
7771
6073
4356
2635
918
-788
-2475
-4136
-5765
-7352
-8883
-10349
-11743
-13055
-14278
-15406
-16433
-17351
-18158
-18854
-19435
-19897
-20227
-20409
-20429
-20280
-19956
-19450
-18759
-17879
-16810
-15552
-14105
-12469
-10664
-8731
-6674
-4472
-2123
358
2952
5628
8356
11100
13826
16496
19057
21479
23751
25862
27805
29566
31131
32488
32767
32767
32767
32767
32767
32767
32767
32767
32767
32767
32767
31755
30373
28851
27209
25464
23630
21717
19734
17696
15609
13482
11325
9151
6967
4780
2604
454
-1668
-3757
-5800
-7788
-9713
-11565
-13331
-15009
-16593
-18071
-19439
-20693
-21830
-22841
-23726
-24483
-25110
-25598
-25930
-26091
-26068
-25854
-25443
-24829
-24006
-22972
-21726
-20268
-18599
-16721
-14647
-12407
-10032
-7508
-4815
-1957
1047
4166
7289
10363
13363
16265
19044
21685
24172
26494
28644
30615
32401
32767
32767
32767
32767
32767
32767
32767
32767
32767
32767
32767
32767
32767
32767
32717
31038
29240
27334
25338
23264
21122
18921
16675
14395
12087
9760
7431
5108
2800
520
-1725
-3928
-6080
-8165
-10172
-12092
-13920
-15646
-17262
-18763
-20143
-21396
-22517
-23506
-24356
-25069
-25629
-26016
-26209
-26197
-25969
-25517
-24832
-23909
-22741
-21326
-19688
-17857
-15862
-13730
-11469
-9072
-6514
-3786
-897
2121
5159
8169
11126
14007
16789
19453
21982
24360
26576
28622
30493
32186
32767
32767
32767
32767
32767
32767
32767
32767
32767
32767
32767
32767
32767
32767
31169
29444
27609
25674
23653
21558
19397
17180
14920
12628
10315
7986
5658
3346
1054
-1211
-3437
-5610
-7723
-9763
-11717
-13578
-15339
-16991
-18525
-19937
-21221
-22371
-23384
-24260
-24994
-25565
-25949
-26130
-26094
-25832
-25335
-24595
-23606
-22363
-20880
-19190
-17316
-15292
-13141
-10864
-8444
-5856
-3099
-185
2833
5850
8833
11759
14605
17348
19972
22459
24793
26965
28968
30796
32446
32767
32767
32767
32767
32767
32767
32767
32767
32767
32767
32767
32767
32767
32250
30614
28856
26991
25030
22982
20857
18673
16436
14156
11843
9513
7174
4838
2522
228
-2037
-4262
-6429
-8528
-10552
-12487
-14322
-16051
-17667
-19162
-20530
-21764
-22862
-23818
-24633
-25296
-25778
-26059
-26126
-25966
-25571
-24930
-24038
-22889
-21488
-19865
-18049
-16072
-13960
-11721
-9348
-6814
-4108
-1239
1766
4801
7811
10771
13658
16448
19122
21664
24054
26283
28342
30225
31927
32767
32767
32767
32767
32767
32767
32767
32767
32767
32767
32767
32767
32767
32159
30519
28750
26870
24892
22827
20685
18479
16222
13922
11588
9235
6879
4525
2187
-124
-2401
-4635
-6809
-8909
-10926
-12851
-14672
-16381
-17972
-19439
-20771
-21966
-23020
-23930
-24695
-25296
-25707
-25910
-25892
-25642
-25152
-24411
-23415
-22160
-20658
-18945
-17047
-14998
-12817
-10506
-8048
-5420
-2621
331
3377
6413
9409
12342
15186
17922
20529
22990
25291
27421
29374
31145
32729
32767
32767
32767
32767
32767
32767
32767
32767
32767
32767
32767
32767
31970
30326
28551
26657
24663
22580
20419
18188
15906
13583
11227
8852
6476
4109
1758
-565
-2849
-5086
-7259
-9354
-11360
-13271
-15072
-16757
-18317
-19748
-21040
-22191
-23196
-24054
-24758
-25284
-25607
-25711
-25584
-25218
-24603
-23731
-22596
-21202
-19579
-17753
-15756
-13623
-11355
-8949
-6377
-3630
-720
2318
5376
8403
11373
14261
17044
19702
22217
24571
26754
28757
30575
32204
32767
32767
32767
32767
32767
32767
32767
32767
32767
32767
32767
32767
31653
29991
28196
26283
24263
22154
19967
17713
15406
13060
10682
8286
5890
3506
1140
-1198
-3492
-5731
-7904
-9993
-11988
-13880
-15658
-17313
-18837
-20226
-21471
-22568
-23516
-24310
-24936
-25367
-25582
-25568
-25313
-24809
-24047
-23020
-21725
-20182
-18424
-16479
-14382
-12148
-9777
-7249
-4544
-1670
1350
4436
7497
10509
13445
16280
18992
21563
23973
26211
28268
30136
31811
32767
32767
32767
32767
32767
32767
32767
32767
32767
32767
32767
32767
31501
29823
28009
26074
24031
21898
19685
17403
15067
12694
10290
7868
5448
3043
658
-1693
-3997
-6241
-8414
-10498
-12483
-14361
-16120
-17750
-19245
-20600
-21807
-22861
-23761
-24502
-25061
-25415
-25544
-25435
-25079
-24467
-23592
-22445
-21033
-19385
-17529
-15495
-13317
-11002
-8540
-5907
-3098
-128
2964
6066
9130
12129
15036
17827
20482
22980
25307
27452
29406
31165
32722
32767
32767
32767
32767
32767
32767
32767
32767
32767
32767
32767
31729
30065
28258
26325
24280
22139
19917
17624
15274
12884
10463
8024
5586
3161
758
-1613
-3936
-6198
-8388
-10487
-12484
-14373
-16140
-17776
-19275
-20629
-21832
-22880
-23771
-24500
-25045
-25382
-25492
-25361
-24981
-12827
-12176
-11427
-10589
-9670
-8676
-7620
-6513
-5362
-4168
-2934
-1673
-394
885
2156
3410
4636
5821
6958
8041
9059
10005
10873
11653
12339
12926
13409
13783
14046
14199
14244
14179
14006
13717
13311
12794
12174
11458
10648
9752
8781
7741
6644
5502
4320
3098
1843
569
-712
-1990
-3250
-4486
-5686
-6840
-7937
-8975
-9942
-10831
-11638
-12355
-12972
-13487
-13895
-14193
-14378
-14452
-14418
-14277
-14028
-13667
-13191
-12608
-11925
-11150
-10287
-9342
-8329
-7257
-6133
-4969
-3763
-2517
-1248
28
1307
2575
3818
5029
6199
7319
8379
9375
10297
11136
11886
12542
13097
13544
13883
14110
14226
14234
14135
13926
13598
13156
12607
11954
11205
10370
9452
8457
7399
6288
5132
3937
2705
1441
161
-1118
-2391
-3647
-4873
-6057
-7194
-8274
-9288
-10230
-11096
-11875
-12559
-13147
-13631
-14007
-14271
-14423
-14465
-14399
-14227
-13947
-13550
-13040
-12428
-11716
-10910
-10021
-9056
-8022
-6933
-5798
-4621
-3401
-2148
-876
406
1682
2943
4181
5383
6538
7643
8687
9662
10560
11375
12099
12723
13246
13661
13966
14160
14246
14223
14092
13849
13488
13013
12432
11753
10979
10116
9173
8160
7086
5962
4797
3593
2349
1082
-196
-1478
-2747
-3993
-5208
-6382
-7503
-8564
-9561
-10483
-11323
-12077
-12736
-13293
-13745
-14088
-14319
-14438
-14448
-14352
-14148
-13834
-13404
-12865
-12221
-11482
-10655
-9742
-8754
-7704
-6600
-5450
-4260
-3029
-1766
-490
788
2062
3319
4544
5732
6876
7962
8985
9939
10814
11601
12295
12892
13384
13767
14039
14200
14252
14196
14033
13754
13356
12849
12239
11528
10726
9841
8876
7842
6751
5612
4432
3213
1960
685
-597
-1874
-3138
-4378
-5580
-6736
-7841
-8883
-9856
-10753
-11570
-12294
-12922
-13449
-13870
-14180
-14378
-14465
-14442
-14312
-14077
-13727
-13261
-12689
-12018
-11250
-10393
-9458
-8451
-7384
-6267
-5107
-3904
-2662
-1396
-116
1165
2434
3682
4901
6078
7204
8274
9279
10209
11059
11821
12488
13052
13512
13863
14101
14230
14252
14165
13967
13653
13222
12682
12039
11302
10474
9560
8572
7520
6413
5260
4071
2842
1580
304
-976
-2253
-3510
-4737
-5928
-7073
-8158
-9180
-10133
-11006
-11794
-12490
-13088
-13582
-13968
-14243
-14406
-14458
-14405
-14245
-13976
-13592
-13097
-12495
-11793
-10999
-10121
-9162
-8134
-7051
-5918
-4743
-3527
-2275
-1002
278
1554
2820
4060
5264
6426
7537
8586
9568
10476
11299
12031
12667
13200
13627
13942
14147
14241
14226
14105
13872
13519
13052
12482
11810
11041
10186
9252
8243
7173
6052
4888
3684
2443
1176
-104
-1385
-2654
-3903
-5122
-6296
-7420
-8487
-9487
-10413
-11261
-12021
-12686
-13251
-13713
-14065
-14305
-14433
-14452
-14361
-14165
-13861
-13439
-12906
-12272
-11543
-10720
-9813
-8833
-7788
-6689
-5545
-4360
-3132
-1874
-600
680
1955
3211
4440
5634
6780
7871
8901
9861
10741
11536
12240
12844
13344
13736
14018
14189
14252
14207
14053
13784
13398
12901
12296
11593
10800
9920
8960
7932
6846
5710
4534
3320
2069
795
-485
-1765
-3032
-4273
-5478
-6641
-7751
-8797
-9777
-10682
-11503
-12235
-12872
-13407
-13834
-14151
-14357
-14451
-14438
-14318
-14092
-13752
-13298
-12737
-12073
-11313
-10466
-9538
-8523
-7428
-6251
-4992
-3660
-2266
-824
651
2145
3642
5130
6596
8025
9411
10742
12006
13195
14300
15312
16224
17034
17736
18324
18798
19154
19390
19505
19500
19379
19146
18802
18347
17774
17090
16305
15426
14458
13407
12283
11092
9841
8540
7202
5835
4448
3042
1622
201
-1205
-2587
-3939
-5249
-6506
-7705
-8838
-9896
-10874
-11767
-12568
-13267
-13859
-14335
-14685
-14903
-14979
-14906
-14670
-14261
-13684
-12969
-12116
-11105
-9946
-8663
-7270
-5785
-4225
-2607
-946
744
2451
4158
5852
7522
9157
10744
12271
13729
15110
16401
17595
18689
19676
20549
21305
21942
22453
22838
23094
23224
23229
23114
22882
22521
22030
21417
20690
19854
18912
17875
16750
15540
14252
12898
11488
10029
8533
7004
5426
3789
2095
345
-1454
-3297
-5173
-7071
-8977
-10875
-12741
-14547
-16272
-17907
-19416
-20747
-21855
-22708
-23281
-23557
-23525
-23179
-22517
-21552
-20329
-18896
-17290
-15537
-13659
-11673
-9598
-7451
-5248
-3004
-734
1550
3831
6097
8337
10537
12683
14764
16772
18695
20521
22242
23854
25349
26720
27965
29079
30057
30896
31594
32148
32556
32767
32767
32767
32735
32428
31975
31381
30653
29798
28823
27734
26536
25238
23847
22370
20814
19187
17499
15758
13973
12157
10302
8392
6419
4383
2286
132
-2070
-4313
-6584
-8873
-11162
-13431
-15654
-17786
-19746
-21509
-23067
-24409
-25519
-26345
-26847
-26999
-26790
-26221
-25302
-24078
-22613
-20947
-19114
-17141
-15049
-12855
-10576
-8227
-5824
-3383
-918
1558
4030
6479
8891
11256
13560
15787
17926
19968
21904
23723
25417
26987
28423
29718
30869
31874
32728
32767
32767
32767
32767
32767
32767
32767
32767
32767
32722
31897
30940
29858
28658
27347
25933
24422
22823
21147
19400
17594
15741
13850
11911
9903
7817
5647
3397
1069
-1329
-3788
-6297
-8831
-11324
-13708
-15927
-17969
-19829
-21498
-22965
-24223
-25247
-25981
-26389
-26452
-26165
-25532
-24564
-23301
-21794
-20096
-18233
-16232
-14120
-11914
-9630
-7280
-4880
-2446
8
2470
4925
7354
9740
12071
14338
16522
18613
20602
22481
24240
25872
27373
28741
29966
31041
31966
32737
32767
32767
32767
32767
32767
32767
32767
32767
32558
31775
30856
29806
28632
27340
25939
24437
22841
21160
19407
17592
15725
13813
11839
9785
7642
5409
3090
689
-1783
-4319
-6900
-9472
-11955
-14282
-16441
-18425
-20228
-21840
-23252
-24454
-25410
-26067
-26394
-26375
-26008
-25299
-24263
-22947
-21400
-19670
-17782
-15761
-13631
-11410
-9113
-6755
-4347
-1904
557
3020
5472
7897
10277
12597
14847
17014
19086
21049
22902
24636
26243
27714
29048
30240
31280
32165
32767
32767
32767
32767
32767
32767
32767
32767
32767
32252
31410
30432
29323
28092
26744
25286
23730
22084
20355
18556
16701
14797
12839
10806
8685
6471
4167
1778
-689
-3225
-5816
-8421
-10963
-13364
-15598
-17658
-19537
-21228
-22719
-24003
-25054
-25820
-26259
-26353
-26096
-25491
-24549
-23308
-21815
-20119
-18256
-16253
-14132
-11914
-9613
-7245
-4827
-2371
109
2594
5067
7514
9920
12269
14544
16735
18834
20824
22696
24448
26073
27560
28903
30100
31144
32028
32749
32767
32767
32767
32767
32767
32767
32767
32621
31887
31008
29991
28843
27572
26185
24689
23094
21411
19647
17815
15930
14000
12010
9939
7781
5533
3197
779
-1712
-4266
-6867
-9450
-11945
-14280
-16444
-18427
-20224
-21824
-23217
-24391
-25300
-25894
-26145
-26042
-25583
-24775
-23645
-22242
-20608
-18793
-16823
-14724
-12519
-10224
-7855
-5427
-2958
-461
2047
4548
7024
9461
11842
14149
16369
18493
20510
22407
24178
25819
27321
28674
29875
30920
31801
32514
32767
32767
32767
32767
32767
32767
32767
32184
31410
30490
29430
28238
26920
25487
23945
22306
20581
18780
16914
14997
13032
10996
8875
6663
4361
1974
-490
-3022
-5609
-8215
-10763
-13184
-15433
-17501
-19383
-21069
-22549
-23812
-24825
-25532
-25898
-25907
-25554
-24843
-23794
-22452
-20865
-19083
-17133
-15046
-12846
-10550
-8173
-5734
-3250
-736
1791
4314
6812
9268
11670
14000
16239
18380
20413
22327
24109
25756
27262
28616
29811
30846
31713
32406
32767
32767
32767
32767
32767
32767
32438
31768
30943
29970
28856
27608
26236
24749
23155
21463
19687
17837
15926
13967
11949
9849
7660
5381
3013
565
-1956
-4537
-7157
-9748
-12241
-14572
-16723
-18686
-20453
-22013
-23356
-24460
-25269
-25740
-25852
-25596
-24975
-24002
-22717
-21170
-19415
-17482
-15402
-13200
-10899
-8513
-6060
-3557
-1022
1528
4078
6604
9088
11517
13875
16144
18309
20362
22293
24089
25744
27255
28610
29801
30828
31684
32362
32767
32767
32767
32767
32767
32730
32182
31470
30601
29583
28421
27126
25706
24171
22528
20790
18969
17079
15131
13135
11072
8925
6687
4360
1949
-537
-3091
-5696
-8317
-10878
-13318
-15585
-17664
-19547
-21225
-22686
-23919
-24880
-25516
-25794
-25702
-25237
-24407
-23237
-21779
-20086
-18204
-16158
-13978
-11690
-9307
-6850
-4337
-1787
783
3357
5915
8435
10901
13298
15607
17813
19907
21880
23717
25411
26958
28348
29573
30628
31511
32213
32734
32767
32767
32767
32767
32649
32100
31384
30508
29481
28308
27000
25566
24016
22358
20604
18767
16858
14893
12881
10803
8642
6392
4055
1677
4098
4096
4097
4098
4097
4098
4096
4097
4095
4096
4095
4096
4097
4095
4096
4095
4096
4097
4095
4096
4095
4096
4095
4093
4095
4096
4094
4095
4097
4095
4096
4094
4095
4094
4095
4096
4094
4095
4094
4095
4096
4097
4095
4097
4095
4096
4097
4095
4097
4095
4096
4097
4098
4097
4098
4099
4097
4098
4096
4098
4099
4097
4098
4096
4097
4099
4097
4098
4099
4097
4098
4099
4098
4099
4100
4098
4099
4097
4098
4100
4098
4099
4100
4098
4096
4097
4099
4100
4098
4099
4097
4098
4097
4098
4099
4097
4098
4096
4098
4099
4097
4098
4096
4097
4096
4097
4098
4096
4097
4095
4097
4098
4096
4097
4098
4097
4095
4096
4097
4098
4096
4098
4096
4097
4095
4096
4097
4096
4097
4095
4096
4097
4096
4097
4098
4096
4097
4095
4097
4098
4096
4097
4095
4096
4098
4096
4097
4098
4096
4098
4099
4097
4098
4096
4097
4096
4097
4098
4096
4097
4098
4097
4098
4096
4097
4098
4096
4098
4096
4097
4095
4096
4097
4096
4097
4095
4096
4094
4096
4097
4095
4096
4096
4097
4095
4096
4094
4096
4097
4095
4096
4094
4096
4097
4095
4096
4094
4096
4097
4095
4096
4097
4096
4097
4095
4096
4097
4096
4097
4095
4096
4094
4096
4097
4095
4096
4094
4095
4097
4095
4096
4094
4095
4094
4095
4093
4094
4096
4094
4095
4096
4094
4096
4097
4095
4096
4094
4096
4094
4095
4096
4097
4096
4097
4095
4096
4097
4096
4097
4095
4096
4094
4095
4097
4098
4096
4097
4095
4097
4095
4096
4097
4095
4097
4095
4096
4097
4095
4097
4095
4096
4094
4095
4097
4095
4096
4094
4095
4094
4095
4096
4094
4095
4094
4095
4096
4094
4096
4094
4095
4093
4094
4093
4094
4095
4093
4095
4093
4094
4095
4094
4095
4093
4094
4092
4094
4095
4093
4094
4096
4094
4095
4096
4094
4096
4094
4095
4096
4094
4096
4097
4095
4096
4097
4096
4097
4098
4096
4097
4095
4097
4095
4096
4097
4095
4097
4098
4096
4097
4095
4096
4095
4097
4095
4096
4095
4096
4097
4095
4096
4098
4096
4097
4095
4096
4095
4096
4094
4095
4096
4095
4096
4097
4095
4096
4095
4096
4097
4095
4096
4095
4096
4097
4095
4096
4095
4096
4094
4095
4096
4095
4096
4097
4095
4096
4095
4096
4097
4095
4096
4095
4096
4097
4098
4099
4097
4099
4097
4098
4099
4097
4098
4099
4098
4099
4097
4098
4099
4100
4098
4100
4098
4099
4097
4098
4099
4097
4099
4097
4098
4099
4097
4098
4097
4098
4096
4097
4098
4096
4098
4096
4097
4098
4096
4097
4096
4097
4095
4096
4094
4096
4097
4095
4096
4094
4096
4097
4095
4096
4094
4096
4094
4095
4096
4094
4096
4094
4095
4096
4095
4096
4097
4095
4096
4094
4096
4097
4098
4096
4097
4096
4097
4098
4099
4097
4098
4097
4098
4099
4097
4098
4099
4097
4099
4100
4098
4099
4100
4098
4099
4098
4099
4097
4098
4099
4097
4099
4097
4098
4096
4097
4095
4095
4093
4091
4090
4091
4095
4096
4097
4096
4094
4092
4090
4092
4093
4091
4090
4088
4089
4090
4089
4090
4088
4087
4085
4086
4088
4089
4088
4086
4084
4083
4084
4086
4084
4082
4081
4079
4081
4079
4081
4079
4078
4076
4075
4074
4075
4074
4072
4071
4070
4071
4070
4072
4070
4069
4065
4063
4062
4064
4063
4059
4055
4054
4053
4052
4051
4050
4046
4042
4041
4037
4037
4036
4035
4032
4028
4025
4024
4024
4023
4020
4016
4013
4013
4010
4009
4006
4006
4003
4000
4000
4000
4000
3997
3994
3991
3991
3992
3992
3989
3989
3986
3984
3984
3984
3984
3982
3982
3979
3980
3977
3978
3978
3975
3976
3973
3974
3974
3972
3972
3970
3967
3965
3963
3963
3961
3959
3956
3954
3955
3953
3951
3952
3950
3945
3943
3941
3939
3934
3932
3931
3926
3924
3923
3921
3917
3915
3914
3909
3908
3904
3903
3901
3897
3896
3892
3891
3887
3886
3886
3882
3881
3877
3876
3873
3872
3872
3869
3869
3865
3865
3864
3864
3860
3860
3859
3856
3856
3855
3855
3852
3852
3851
3848
3848
3848
3848
3845
3844
3844
3844
3841
3841
3841
3838
3838
3835
3832
3830
3827
3824
3824
3822
3819
3816
3814
3811
3809
3806
3804
3802
3799
3797
3792
3787
3782
3780
3778
3776
3771
3770
3765
3763
3762
3757
3756
3752
3747
3746
3742
3741
3740
3735
3734
3730
3729
3726
3725
3724
3720
3719
3716
3715
3714
3713
3713
3712
3712
3708
3710
3710
3709
3709
3708
3705
3704
3707
3706
3706
3705
3705
3704
3704
3704
3703
3703
3702
3702
3701
3701
3703
3703
3703
3699
3699
3695
3695
3692
3692
3691
3688
3688
3685
3682
3682
3679
3679
3676
3673
3670
3667
3664
3659
3656
3657
3654
3649
3646
3644
3642
3639
3637
3635
3633
3631
3628
3626
3625
3623
3624
3622
3620
3618
3616
3614
3616
3614
3612
3613
3611
3613
3614
3615
3613
3615
3613
3614
3615
3617
3618
3619
3620
3618
3622
3623
3625
3626
3627
3628
3629
3630
3630
3631
3632
3633
3637
3639
3640
3643
3641
3642
3643
3640
3641
3642
3642
3640
3641
3642
3642
3640
3641
3641
3642
3640
3641
3638
3636
3634
3632
3630
3631
3629
3629
3627
3625
3624
3622
3623
3621
3619
3617
3615
3613
3615
3616
3614
3615
3613
3612
3613
3611
3613
3614
3612
3613
3615
3616
3617
3618
3619
3620
3622
3623
3627
3628
3629
3630
3631
3632
3635
3636
3640
3641
3644
3645
3649
3649
3653
3653
3657
3657
3661
3664
3664
3668
3668
3668
3668
3668
3669
3672
3672
3672
3672
3672
3673
3673
3673
3673
3673
3673
3673
3670
3668
3668
3665
3665
3666
3663
3663
3661
3658
3658
3659
3659
3657
3654
3654
3652
3652
3653
3653
3654
3651
3652
3652
3653
3653
3654
3654
3655
3655
3656
3659
3660
3663
3663
3664
3667
3667
3670
3673
3674
3677
3677
3680
3683
3686
3689
3688
3691
3694
3697
3699
3702
3705
3707
3710
3712
3714
3717
3716
3718
3718
3717
3716
3719
3721
3720
3722
3721
3721
3720
3722
3724
3724
3723
3722
3718
3717
3717
3716
3715
3716
3712
3712
3711
3710
3710
3709
3709
3708
3708
3707
3707
3706
3709
3708
3707
3707
3706
3706
3708
3708
3707
3710
3709
3712
3714
3716
3719
3718
3720
3723
3725
3727
3729
3728
3730
3732
3737
3739
3741
3743
3745
3746
3751
3753
3754
3756
3758
3762
3763
3765
3769
3771
3772
3773
3774
3773
3774
3775
3776
3777
3779
3780
3778
3779
3780
3781
3782
3780
3779
3777
3775
3773
3774
3773
3774
3772
3767
3769
3767
3768
3770
3768
3766
3765
3763
3765
3766
3767
3766
3764
3763
3764
3765
3767
3768
3767
3768
3769
3771
3775
3776
3777
3778
3780
3781
3785
3786
3790
3791
3792
3793
3796
3800
3801
3805
3805
3809
3810
3813
3817
3820
3820
3824
3827
3827
3830
3831
3831
3831
3831
3831
3834
3834
3838
3838
3838
3838
3838
3841
3841
3841
3841
3838
3835
3835
3835
3835
3832
3832
3829
3830
3830
3833
3833
3830
3830
3828
3828
3828
3828
3829
3829
3829
3829
3829
3830
3830
3830
3830
3833
3833
3838
3838
3841
3841
3841
3844
3844
3846
3849
3852
3852
3855
3857
3860
3863
3865
3868
3870
3870
3875
3877
3880
3882
3884
3886
3888
3890
3892
3894
3893
3892
3894
3893
3895
3897
3899
3898
3897
3899
3901
3902
3904
3903
3899
3898
3894
3896
3895
3897
3896
3892
3891
3893
3895
3894
3893
3892
3891
3887
3889
3891
3893
3892
3891
3890
3889
3891
3893
3895
3894
3893
3895
3897
3899
3901
3903
3902
3903
3905
3907
3912
3913
3915
3917
3918
3920
3921
3926
3927
3928
3930
3931
3935
3939
3940
3945
3946
3947
3948
3952
3952
3950
10773
11082
11209
11173
11252
10874
10730
10366
9839
9837
9080
8575
7936
7014
6433
5367
4281
3371
2133
1454
832
-230
-1242
-2332
-3170
-4194
-5268
-5975
-6991
-7821
-8490
-9212
-9388
-10059
-10205
-10609
-10964
-10831
-11168
-11064
-10820
-10602
-10156
-9888
-9351
-9098
-8392
-7695
-7078
-6040
-5364
-4480
-3275
-2364
-1190
-278
390
1133
2148
3238
3985
4991
6018
6680
7651
8344
9154
9573
9753
10493
10497
11018
11073
11217
11273
11104
10956
10526
10126
9937
9516
8951
8216
7639
6971
5865
5190
3909
2982
1976
1172
622
-643
-1477
-2498
-3681
-4405
-5390
-6421
-7180
-8061
-8640
-9356
-9555
-9955
-10471
-10591
-10927
-11009
-10970
-11026
-10695
-10570
-10070
-9526
-9474
-8804
-8188
-7479
-6644
-6018
-4908
-4120
-3092
-1857
-946
69
439
1499
2564
3358
4591
5269
6116
7151
7864
8651
9187
9788
9965
10340
10812
10931
11102
11324
11170
11159
10690
10565
10107
9710
9486
8703
8222
7373
6494
5844
4686
3690
2659
1537
1107
230
-714
-1962
-2913
-3637
-4895
-5645
-6518
-7583
-8228
-9015
-9177
-9771
-10194
-10363
-10929
-11005
-10920
-11142
-10832
-10728
-10441
-9900
-9602
-9199
-8657
-8014
-7249
-6538
-5543
-4843
-3914
-2568
-1746
-502
157
645
1826
2797
3843
4616
5528
6581
7200
8128
8844
9400
9816
10111
10627
10749
11014
11278
11121
11250
11081
10677
10434
9863
9879
9238
8507
7982
7099
6456
5463
4368
3437
2205
1429
897
-137
-1081
-2173
-3170
-4146
-5129
-5883
-7034
-7608
-8446
-9164
-9363
-9872
-10159
-10674
-10773
-10900
-11144
-10989
-10908
-10672
-10196
-9928
-9327
-9165
-8500
-7696
-7055
-6148
-5523
-4531
-3366
-2430
-1263
-256
276
1156
2053
3101
4010
5011
5924
6564
7671
8409
8943
9690
9794
10326
10637
10876
11183
11098
11321
11239
10836
10761
10307
9890
9704
8951
8468
7730
6836
6118
5140
4147
2983
2020
1314
579
-319
-1476
-2586
-3377
-4406
-5339
-6326
-7134
-7943
-8821
-9122
-9602
-10066
-10280
-10730
-10810
-11095
-10939
-10978
-10877
-10401
-10209
-9640
-9425
-9033
-8142
-7658
-6755
-5974
-5140
-4158
-3276
-1905
-1126
-115
528
1290
2428
3517
4217
5247
6020
7054
7770
8444
9346
9622
9941
10500
10666
11021
11102
11227
11281
11064
10966
10464
10107
9943
9434
8910
8084
7464
6814
5822
4874
3777
2705
1704
1013
437
-874
-1799
-2637
-3914
-4684
-5645
-6495
-7415
-8201
-8806
-9359
-9674
-9983
-10572
-10669
-10955
-11014
-11071
-10940
-10653
-10509
-9914
-9598
-9386
-8674
-8099
-7226
-6606
-5744
-4888
-3938
-2748
-1834
-597
90
555
1802
2611
3638
4547
5527
6396
7062
8125
8678
9283
9746
10060
10461
10819
10918
11202
11142
11297
11076
10627
10458
9929
9829
9261
8573
8113
7192
6294
5619
4480
3487
2365
1401
969
-113
-921
-2172
-3007
-3983
-5173
-5950
-6847
-7681
-8374
-9160
-9224
-9962
-10317
-10460
-10889
-10968
-11091
-11172
-10817
-10737
-10145
-9931
-9442
-9158
-8591
-7719
-7278
-6260
-5478
-4595
-3590
-2524
-1331
-528
346
1037
1964
3010
3937
4848
5647
6562
7577
8131
9036
9638
9655
10326
10448
10893
11064
11168
11339
11070
1749
938
1048
993
1097
1195
1057
1124
1258
1203
1196
1118
1223
1114
1100
1033
827
50
-802
-1777
-2653
-3606
-4355
-5216
-6174
-6928
-7474
-8560
-9020
-9622
-10197
-10627
-10794
-11358
-11571
-11857
-12004
-12129
-11815
-12078
-11880
-11595
-11282
-10830
-10343
-10020
-9358
-8533
-7845
-7126
-6180
-5141
-4326
-3274
-1996
-989
-301
-71
23
-15
43
242
357
430
461
402
554
936
1118
925
744
1081
974
1090
1201
1191
1202
1182
1112
1132
1220
1354
1341
1283
1294
1164
982
730
-139
-1039
-1942
-2911
-3698
-4653
-5681
-6682
-7456
-8258
-9154
-9774
-10359
-11240
-11671
-12061
-12510
-12819
-13125
-13320
-13704
-13855
-13887
-13783
-13658
-13348
-13037
-12801
-12320
-12301
-12114
-11928
-11670
-11202
-10779
-10170
-9373
-8502
-7377
-6227
-5149
-3459
-900
272
366
528
553
575
575
505
459
527
604
866
916
1040
1114
1227
1266
1303
1289
1320
1276
1228
1224
1267
1259
1387
1468
1459
1373
1238
1034
255
-849
-1820
-2858
-3828
-4873
-5806
-6966
-7903
-8889
-10057
-10997
-11709
-12401
-13373
-14139
-14629
-15018
-15764
-16190
-16526
-17095
-17547
-17772
-17859
-18152
-18146
-17979
-17787
-17642
-17220
-16799
-16267
-15961
-15845
-15846
-15823
-15449
-14887
-14254
-13575
-12775
-11602
-10101
-8459
-6840
-5384
-2710
35
317
271
411
552
412
620
506
506
719
1016
995
1243
1141
1316
1438
1253
1364
1497
1347
1590
1407
1498
1682
1515
1600
1542
1412
1566
1269
644
-733
-2021
-3454
-4479
-5936
-7351
-8565
-9574
-11042
-12261
-13183
-14202
-15449
-16452
-17178
-18117
-18858
-19588
-19886
-20598
-21292
-21755
-21733
-22152
-22340
-22344
-22162
-21911
-21685
-21092
-20797
-19833
-19598
-19853
-19671
-18950
-18783
-18079
-17306
-16367
-14890
-13177
-11345
-9070
-7027
-4351
-2029
14
363
364
387
481
552
482
645
482
721
1058
1467
1231
1479
1387
1514
1301
1570
1423
1665
1533
1674
1460
1687
1563
1671
1445
1519
1157
214
-983
-2512
-3777
-5353
-6543
-7801
-9474
-10621
-11680
-13065
-14308
-15213
-16191
-17518
-18481
-19095
-19723
-20691
-21129
-21568
-22264
-22798
-22870
-22966
-23204
-23258
-23054
-22689
-22421
-21969
-21351
-20524
-20396
-20281
-20187
-19744
-19112
-18502
-17446
-16181
-14818
-12778
-10432
-8600
-6252
-3390
-1254
83
364
411
295
574
412
645
459
622
611
1175
1563
1237
1442
1297
1510
1342
1544
1511
1542
1545
1570
1708
1581
1597
1632
1410
1437
930
-400
-1574
-3059
-4496
-5790
-7346
-8588
-9780
-11224
-12538
-13716
-14686
-15913
-16894
-18017
-19212
-19590
-20152
-20848
-21725
-22260
-22609
-22959
-23148
-23292
-23206
-23285
-23107
-22835
-22430
-21792
-20921
-20488
-20446
-20307
-20002
-19674
-18949
-17987
-16953
-15569
-13786
-11393
-9327
-7051
-4702
-2006
176
248
248
434
551
388
599
436
529
698
1032
1381
1702
1262
1566
1410
1336
1538
1577
1473
1686
1523
1662
1729
1624
1471
1620
1376
981
-147
-1616
-3142
-4491
-5861
-7250
-8647
-10053
-11478
-12858
-13828
-14847
-16027
-17333
-18133
-19261
-19985
-20738
-21133
-21827
-22383
-22734
-22924
-23254
-23282
-23242
-23112
-22934
-22524
-21979
-21437
-20636
-20395
-20304
-20072
-19721
-19299
-18596
-17540
-16228
-14656
-12684
-10478
-8599
-5946
-3553
-926
270
364
341
318
528
552
435
598
671
813
1231
1561
1338
1381
1466
1513
1483
1452
1559
1660
1590
1519
1632
1717
1681
1482
1329
1127
18
-1548
-3093
-4553
-5950
-7459
-8853
-10119
-11317
-12764
-13896
-15009
-16171
-17430
-18369
-19196
-19897
-20793
-21210
-21883
-22441
-22769
-22936
-23267
-23275
-23259
-23038
-22863
-22454
-21932
-21298
-20484
-20512
-20326
-19979
-19487
-18900
-18103
-17001
-15569
-13832
-11532
-9514
-7215
-4422
-2240
129
270
387
481
552
482
435
575
623
774
1320
1354
1453
1498
1521
1527
1427
1514
1481
1703
1709
1614
1702
1628
1522
1391
1444
1247
-91
-1525
-3163
-4574
-6039
-7484
-9040
-10326
-11572
-12909
-14246
-15314
-16409
-17692
-18634
-19531
-20185
-21039
-21597
-22109
-22622
-22880
-23003
-23290
-23392
-23353
-23038
-22701
-22108
-21401
-20837
-20534
-20372
-20070
-19581
-19041
-18268
-17259
-16040
-14351
-12285
-10242
-8200
-5385
-3084
-689
84
248
434
458
412
435
506
645
697
1267
1442
1735
1403
1500
1487
1508
1618
1564
1528
1513
1533
1553
1641
1516
1430
1321
1099
-258
-1669
-3216
-4741
-6181
-7582
-9113
-10283
-11555
-12915
-14391
-15414
-16533
-17841
-18690
-19399
-20146
-20982
-21585
-21936
-22517
-22895
-23041
-23188
-23126
-22972
-22752
-22416
-21731
-21164
-20362
-20301
-19976
-19907
-19461
-18712
-17869
-16767
-15312
-13506
-11345
-9374
-7120
-4116
-1911
176
248
271
319
365
389
459
505
461
787
1326
1408
1204
1347
1388
1505
1593
1656
1670
1681
1635
1725
1673
1503
1465
1356
1159
286
-1146
-2601
-4010
-5564
-7012
-8660
-10057
-11141
-12480
-14072
-15024
-16094
-17329
-18389
-19170
-19637
-20631
-21121
-21680
-22146
-22638
-22691
-22792
-22940
-22809
-22425
-22158
-21612
-20791
-20104
-20020
-19788
-19648
-19181
-18338
-11461
-7791
-7114
-6255
-5375
-4561
-3432
-2325
-1422
-496
45
1084
1988
3049
4066
4811
5760
6821
7544
8289
8944
9238
9667
10187
10525
10706
10932
11090
11022
10842
10638
10322
9870
9577
9215
8493
7770
7092
6302
5489
4540
3591
2552
1355
429
-247
-993
-2122
-2913
-3929
-4991
-5713
-6527
-7520
-8220
-8808
-9508
-9802
-10005
-10457
-10795
-10908
-10999
-11134
-11021
-10795
-10479
-10186
-9666
-9282
-8966
-8243
-7543
-6730
-6052
-5216
-4155
-3139
-2122
-970
-383
248
1400
2417
3252
4179
5308
6053
6911
7792
8493
8922
9283
9915
10187
10503
10842
10954
10954
11000
10819
10503
10096
9803
9509
8877
8289
7634
6844
5940
5150
4314
3185
2191
1174
68
-406
-1264
-2325
-3387
-4245
-5036
-6075
-6910
-7633
-8469
-9169
-9598
-9756
-10253
-10615
-10728
-11021
-11089
-11021
-10976
-10750
-10434
-9937
-9576
-9259
-8672
-7995
-7362
-6594
-5713
-4855
-3952
-2732
-1738
-835
-202
678
1649
2552
3659
4585
5353
6369
7295
7950
8673
9080
9441
9893
10390
10683
10774
11022
11045
10932
10706
10435
10096
9577
9396
8786
8063
7386
6640
5827
4946
3885
2936
1875
723
-67
-564
-1693
-2664
-3500
-4539
-5488
-6188
-7046
-8040
-8627
-9237
-9756
-9892
-10298
-10660
-10931
-10976
-11066
-11134
-10931
-10592
-10298
-9892
-9463
-9124
-8537
-7814
-7046
-6301
-5510
-4607
-3545
-2484
-1490
-496
-67
926
2055
3027
3862
4811
5827
6640
7431
8334
8899
9102
9644
10119
10390
10706
10954
11045
10954
10954
10661
10254
9893
9622
9215
8470
7905
7183
6324
5489
4675
3727
2575
1536
587
-247
-902
-1896
-2935
-3952
-4765
-5578
-6617
-7430
-8108
-8876
-9531
-9711
-10027
-10502
-10705
-10863
-11066
-11134
-10976
-10886
-10615
-10163
-9689
-9418
-9011
-8266
-7565
-6933
-6097
-5194
-4290
-3206
-2122
-1128
-406
248
1400
2236
3185
4314
5172
5963
6979
7815
8402
8967
9373
9803
10209
10638
10819
10909
11067
11045
10796
10503
10277
9780
9509
9035
8380
7679
6844
6144
5330
4337
3343
2304
1220
158
-338
-1128
-2348
-3161
-4087
-5126
-5984
-6685
-7543
-8492
-8988
-9531
-9869
-10186
-10502
-10863
-10976
-11044
-11089
-11044
-10750
-10321
-10073
-9621
-9259
-8785
-8130
-7453
-6594
-5804
-5036
-3974
-2890
-1919
-835
-247
542
1536
2643
3569
4359
5398
6369
7115
7928
8718
9057
9351
10006
10367
10548
10887
11022
11045
10909
10796
10503
10051
9712
9464
8764
8109
7431
6731
5827
4969
4111
3049
1942
949
45
-541
-1535
-2438
-3522
-4471
-5239
-6143
-7069
-7837
-8469
-9259
-9666
-9779
-10298
-10637
-10773
-10931
-11089
-11066
-10863
-10682
-10344
-9869
-9440
-9214
-8582
-7814
-7091
-6436
-5578
-4629
-3658
-2551
-1467
-609
-157
926
1942
2778
3840
4879
5624
6505
7499
8221
8786
9148
9667
10006
10435
10683
10932
11113
11045
10932
10616
10299
10006
9577
9306
8628
7973
7205
6392
5647
4788
3659
2710
1649
519
-180
-722
-1829
-2913
-3658
-4629
-5623
-6459
-7159
-8108
-8830
-9282
-9734
-10050
-10366
-10637
-10931
-11044
-11021
-11021
-10886
-10524
-10186
-9802
-9372
-9011
-8311
-7746
-6956
-6097
-5329
-4426
1491
2372
3388
4359
5217
5918
6595
7115
7544
7928
8357
8764
9035
9260
9486
9577
9712
10254
10638
10909
11316
11564
11609
11813
11926
11858
11700
11542
11180
10796
10503
10299
9622
9012
8380
7679
6911
6121
5150
4427
3501
2394
1378
339
-406
-1151
-2235
-3342
-4336
-5171
-6165
-7204
-7972
-8695
-9621
-10276
-10682
-10795
-10773
-10569
-10276
-9982
-9440
-8785
-7995
-7114
-6210
-4855
-2619
-948
-180
1220
2688
3862
4879
5827
6708
7386
7996
8515
8967
9373
9644
9961
10254
10525
10661
10819
11384
11790
12106
12536
12807
12987
13123
13326
13349
13236
13145
12897
12355
12016
11813
11451
10774
10074
9441
8673
7860
7002
6189
5240
4246
3162
2123
971
45
-44
-67
-112
-135
-157
-157
-180
-202
-157
-202
-202
-247
-247
-225
-247
-247
-293
-270
-293
-293
-293
-270
-315
-157
1129
2417
3772
5059
6144
7137
8086
8922
9712
10390
10954
11451
11948
12332
12603
12874
13258
13462
13597
13778
14275
14839
15201
15675
16082
16375
16511
16872
16917
16895
17053
17030
16827
16533
16285
15901
15381
15043
14591
13891
13100
12355
11609
10661
9644
8764
7725
6595
5489
4404
3185
1965
565
-22
-44
-67
-89
-112
-157
-180
-225
-180
-180
-225
-247
-270
-247
-293
-293
-293
-270
-293
-293
-270
-338
-270
-270
-225
768
2620
4156
5737
7205
8538
9803
10842
11835
12784
13597
14320
14839
15336
15878
16240
16579
16850
17166
17392
17617
18385
19063
19628
19831
20373
20802
20983
20983
21254
21299
21141
20893
20802
20373
19831
19221
18882
18227
17211
16398
15472
14433
13213
12106
10887
9599
8244
6866
5466
3817
2372
610
23
90
-44
-202
-135
-157
-180
-180
-225
-247
-225
-270
-247
-247
-293
-247
-315
-293
-315
-293
-293
-270
-315
-270
-180
1242
3885
6256
7770
9622
11067
12219
13100
14139
14907
15743
16353
16872
17279
17708
18069
18272
18385
18724
19221
19786
20305
20960
21480
21660
21909
22338
22406
22338
22338
22361
22044
21638
21322
20712
20012
19560
18837
17843
16804
15833
14772
13552
12287
11000
9644
8267
6799
5240
3614
2010
361
23
-44
-44
-112
-157
-157
-180
-225
-202
-247
-270
-247
-225
-270
-270
-270
-293
-293
-247
-315
-270
-315
-270
-293
23
1830
4540
7002
8628
10322
11564
12671
13620
14591
15359
16036
16669
17211
17572
17956
18272
18589
18679
18927
19695
20283
20712
21186
21706
22135
22180
22315
22609
22609
22496
22315
22135
21660
21164
20621
19966
19402
18408
17595
16533
15404
14252
13032
11768
10367
8944
7499
6053
4427
2733
994
68
-44
-89
-112
-112
-180
-202
-180
-202
-225
-247
-247
-247
-225
-293
-293
-270
-270
-315
-315
-270
-293
-247
-270
-157
1174
3478
6279
8244
10006
11406
12513
13462
14478
15404
16059
16691
17234
17730
18047
18340
18566
18905
19018
19560
20418
21005
21322
21706
22180
22474
22541
22699
22835
22654
22383
22225
21864
21209
20576
20057
19424
18340
17392
16375
15201
13958
12739
11406
10051
8560
7115
5601
3953
2213
497
45
-22
-89
-112
-135
-157
-180
-225
-247
-247
-247
-225
-225
-247
-293
-293
-293
-270
-270
-293
-293
-270
-315
-247
384
2665
5082
7770
9464
11045
12242
13258
14275
15201
15991
16601
17166
17663
18047
18318
18634
18905
19153
19605
20350
21051
21525
21819
22248
22609
22654
22632
22835
22699
22451
22157
21773
21164
20441
19921
19221
18160
17166
16104
14907
13642
12400
11000
9599
8063
6550
4992
3343
1558
181
45
0
-112
-135
-135
-157
-202
-202
-202
-202
-225
-247
-247
-270
-293
-293
-315
-315
-293
-270
-270
-293
-270
-22
1942
4585
7115
8854
10638
11993
13032
14049
15020
15878
16624
17211
17640
18160
18453
18702
18860
19221
19786
20328
21051
21593
21932
22203
22632
22767
22699
22745
22745
22451
22067
21683
21005
20260
19763
18927
17866
16782
15675
14478
13145
11813
10412
9012
7454
5895
4246
2530
745
90
45
-44
-135
-135
-180
-202
-225
-247
-247
-225
-225
-270
-247
-247
-247
-270
-315
-293
-270
-270
-270
-315
-180
1174
3840
6528
8244
10119
11564
12716
13710
14726
15607
16420
16940
17437
17889
18295
18498
18702
19040
19718
20260
20915
21525
21909
22112
22564
22654
22541
22587
22654
22293
21909
21457
20780
20034
19560
18589
17572
16398
15359
14094
12761
11429
10006
8560
6979
5376
3682
1988
294
45
-44
-67
-89
-135
-180
-202
-225
-247
-225
-225
-225
-247
-270
-293
-270
-270
-247
-270
-247
-270
-293
-225
316
2688
5376
7363
9193
10842
12039
13078
14094
15043
15923
16556
17030
17505
17956
18182
18408
18769
19244
19831
20418
21005
21480
21683
22157
22428
22315
22293
22406
22067
21728
21344
20667
19899
19357
18566
17437
16353
15246
14071
12716
11338
9961
8515
6934
5376
3727
1920
294
45
-44
-67
-112
-180
-12151
13
25
38
50
63
76
88
101
113
126
139
151
164
176
189
202
214
227
239
252
265
277
290
302
315
328
340
353
365
378
391
403
416
429
441
454
466
479
492
504
517
529
542
555
567
580
592
605
618
630
643
655
668
681
693
706
718
731
744
756
769
781
794
807
819
832
844
857
870
882
895
907
920
933
945
958
970
983
996
1008
1021
1033
1046
1059
1071
1084
1096
1109
1122
1134
1147
1159
1172
1185
1197
1210
1222
1235
1248
1260
1273
1286
1298
1311
1323
1336
1349
1361
1374
1386
1399
1412
1424
1437
1449
1462
1475
1487
1500
1512
1525
1538
1550
1563
1575
1588
1601
1613
1626
1638
1651
1664
1676
1689
1701
1714
1727
1739
1752
1764
1777
1790
1802
1815
1827
1840
1853
1865
1878
1890
1903
1916
1928
1941
1953
1966
1979
1991
2004
2016
2029
2042
2054
2067
2080
2092
2105
2117
2130
2143
2155
2168
2180
2193
2206
2218
2231
2243
2256
2269
2281
2294
2306
2319
2332
2344
2357
2369
2382
2395
2407
2420
2432
2445
2458
2470
2483
2495
2508
2521
2533
2546
2558
2571
2584
2596
2609
2621
2634
2647
2659
2672
2684
2697
2710
2722
2735
2747
2760
2773
2785
2798
2810
2823
2836
2848
2861
2874
2886
2899
2911
2924
2937
2949
2962
2974
2987
3000
3012
3025
3037
3050
3063
3075
3088
3100
3113
3126
3138
3151
3163
3176
3189
3201
3214
3226
3239
3252
3264
3277
3289
3302
3315
3327
3340
3352
3365
3378
3390
3403
3415
3428
3441
3453
3466
3478
3491
3504
3516
3529
3541
3554
3567
3579
3592
3604
3617
3630
3642
3655
3667
3680
3693
3705
3718
3731
3743
3756
3768
3781
3794
3806
3819
3831
3844
3857
3869
3882
3894
3907
3920
3932
3945
3957
3970
3983
3995
4008
4020
4033
4046
4058
4071
4083
4096
4109
4121
4134
4146
4159
4172
4184
4197
4209
4222
4235
4247
4260
4272
4285
4298
4310
4323
4335
4348
4361
4373
4386
4398
4411
4424
4436
4449
4461
4474
4487
4499
4512
4525
4537
4550
4562
4575
4588
4600
4613
4625
4638
4651
4663
4676
4688
4701
4714
4726
4739
4751
4764
4777
4789
4802
4814
4827
4840
4852
4865
4877
4890
4903
4915
4928
4940
4953
4966
4978
4991
5003
5016
5029
5041
5054
5066
5079
5092
5104
5117
5129
5142
5155
5167
5180
5192
5205
5218
5230
5243
5255
5268
5281
5293
5306
5318
5331
5344
5356
5369
5382
5394
5407
5419
5432
5445
5457
5470
5482
5495
5508
5520
5533
5545
5558
5571
5583
5596
5608
5621
5634
5646
5659
5671
5684
5697
5709
5722
5734
5747
5760
5772
5785
5797
5810
5823
5835
5848
5860
5873
5886
5898
5911
5923
5936
5949
5961
5974
5986
5999
6012
6024
6037
6049
6062
6075
6087
6100
6112
6125
6138
6150
6163
6176
6188
6201
6213
6226
6239
6251
6264
6276
6289
6302
6314
6327
6339
6352
6365
6377
6390
6402
6415
6428
6440
6453
6465
6478
6491
6503
6516
6528
6541
6554
6566
6579
6591
6604
6617
6629
6642
6654
6667
6680
6692
6705
6717
6730
6743
6755
6768
6780
6793
6806
6818
6831
6843
6856
6869
6881
6894
6906
6919
6932
6944
6957
6970
6982
6995
7007
7020
7033
7045
7058
7070
7083
7096
7108
7121
7133
7146
7159
7171
7184
7196
7209
7222
7234
7247
7259
7272
7285
7297
7310
7322
7335
7348
7360
7373
7385
7398
7411
7423
7436
7448
7461
7474
7486
7499
7511
7524
7537
7549
7562
7574
7587
7600
7612
7625
7637
7650
7663
7675
7688
7700
7713
7726
7738
7751
7763
7776
7789
7801
7814
7827
7839
7852
7864
7877
7890
7902
7915
7927
7940
7953
7965
7978
7990
8003
8016
8028
8041
8053
8066
8079
8091
8104
8116
8129
8142
8154
8167
8179
8192
8205
8217
8230
8242
8255
8268
8280
8293
8305
8318
8331
8343
8356
8368
8381
8394
8406
8419
8431
8444
8457
8469
8482
8494
8507
8520
8532
8545
8557
8570
8583
8595
8608
8621
8633
8646
8658
8671
8684
8696
8709
8721
8734
8747
8759
8772
8784
8797
8810
8822
8835
8847
8860
8873
8885
8898
8910
8923
8936
8948
8961
8973
8986
8999
9011
9024
9036
9049
9062
9074
9087
9099
9112
9125
9137
9150
9162
9175
9188
9200
9213
9225
9238
9251
9263
9276
9288
9301
9314
9326
9339
9351
9364
9377
9389
9402
9414
9427
9440
9452
9465
9478
9490
9503
9515
9528
9541
9553
9566
9578
9591
9604
9616
9629
9641
9654
9667
9679
9692
9704
9717
9730
9742
9755
9767
9780
9793
9805
9818
9830
9843
9856
9868
9881
9893
9906
9919
9931
9944
9956
9969
9982
9994
10007
10019
10032
10045
10057
10070
10082
10095
10108
10120
10133
10145
10158
10171
10183
10196
10208
10221
10234
10246
10259
10272
10284
10297
10309
10322
10335
10347
10360
10372
10385
10398
10410
10423
10435
10448
10461
10473
10486
10498
10511
10524
10536
10549
10561
10574
10587
10599
10612
10624
10637
10650
10662
10675
10687
10700
10713
10725
10738
10750
10763
10776
10788
10801
10813
10826
10839
10851
10864
10876
10889
10902
10914
10927
10939
10952
10965
10977
10990
11002
11015
11028
11040
11053
11066
11078
11091
11103
11116
11129
11141
11154
11166
11179
11192
11204
11217
11229
11242
11255
11267
11280
11292
11305
11318
11330
11343
11355
11368
11381
11393
11406
11418
11431
11444
11456
11469
11481
11494
11507
11519
11532
11544
11557
11570
11582
11595
11607
11620
11633
11645
11658
11670
11683
11696
11708
11721
11733
11746
11759
11771
11784
11796
11809
11822
11834
11847
11859
11872
11885
11897
11910
11923
11935
11948
11960
11973
11986
11998
12011
12023
12036
12049
12061
12074
12086
12099
12112
12124
12137
12149
12162
12175
12187
12200
12212
12225
12238
12250
12263
12275
12288
12301
12313
12326
12338
12351
12364
12376
12389
12401
12414
12427
12439
12452
12464
12477
12490
12502
12515
12527
12540
12553
12565
12578
12590
12603
12616
12628
12641
12653
12666
12679
12691
12704
12717
12729
12742
12754
12767
12780
12792
12805
12817
12830
12843
12855
12868
12880
12893
12906
12918
12931
12943
12956
12969
12981
12994
13006
13019
13032
13044
13057
13069
13082
13095
13107
13120
13132
13145
13158
13170
13183
13195
13208
13221
13233
13246
13258
13271
13284
13296
13309
13321
13334
13347
13359
13372
13384
13397
13410
13422
13435
13447
13460
13473
13485
13498
13510
13523
13536
13548
13561
13574
13586
13599
13611
13624
13637
13649
13662
13674
13687
13700
13712
13725
13737
13750
13763
13775
13788
13800
13813
13826
13838
13851
13863
13876
13889
13901
13914
13926
13939
13952
13964
13977
13989
14002
14015
14027
14040
14052
14065
14078
14090
14103
14115
14128
14141
14153
14166
14178
14191
14204
14216
14229
14241
14254
14267
14279
14292
14304
14317
14330
14342
14355
14368
14380
14393
14405
14418
14431
14443
14456
14468
14481
14494
14506
14519
14531
14544
14557
14569
14582
14594
14607
14620
14632
14645
14657
14670
14683
14695
14708
14720
14733
14746
14758
14771
14783
14796
14809
14821
14834
14846
14859
14872
14884
14897
14909
14922
14935
14947
14960
14972
14985
14998
15010
15023
15035
15048
15061
15073
15086
15098
15111
15124
15136
15149
15162
15174
15187
15199
15212
15225
15237
15250
15262
15275
15288
15300
15313
15325
15338
15351
15363
15376
15388
15401
15414
15426
15439
15451
15464
15477
15489
15502
15514
15527
15540
15552
15565
15577
15590
15603
15615
15628
15640
15653
15666
15678
15691
15703
15716
15729
15741
15754
15766
15779
15792
15804
15817
15829
15842
15855
15867
15880
15892
15905
15918
15930
15943
15955
15968
15981
15993
16006
16019
16031
16044
16056
16069
16082
16094
16107
16119
16132
16145
16157
16170
16182
16195
16208
16220
16233
16245
16258
16271
16283
16296
16308
16321
16334
16346
16359
16371
16384
0
0
0
0
0
0
0
0
0
0
0
0
0
0
0
0
0
0
0
0
0
0
0
0
0
0
0
0
0
0
0
0
0
0
0
0
0
0
0
0
0
0
0
0
0
0
0
0
0
0
0
0
0
0
0
0
0
0
0
0
0
0
0
0
0
0
0
0
0
0
0
0
0
0
0
0
0
0
0
0
0
0
0
0
0
0
0
0
0
0
0
0
0
0
0
0
0
0
0
0
0
0
0
0
0
0
0
0
0
0
0
0
0
0
0
0
0
0
0
0
0
0
0
0
0
0
0
0
0
0
0
0
0
0
0
0
0
0
0
0
0
0
0
0
0
0
0
0
0
0
0
0
0
0
0
0
0
0
0
0
0
0
0
0
0
0
0
0
0
0
0
0
0
0
0
0
0
0
0
0
0
0
0
0
0
0
0
0
0
0
0
0
0
0
0
0
0
0
0
0
0
0
0
0
0
0
0
0
0
0
0
0
0
0
0
0
0
0
0
0
0
0
0
0
0
0
0
0
0
0
0
0
0
0
0
0
0
0
0
0
0
0
0
0
0
0
0
0
0
0
0
0
0
0
0
0
0
0
0
0
0
0
0
0
0
0
0
0
0
0
0
0
0
0
0
0
0
0
0
0
0
0
0
0
0
0
0
0
0
0
0
0
0
0
0
0
0
0
0
0
0
0
0
0
0
0
0
0
0
0
0
0
0
0
0
0
0
0
0
0
0
0
0
0
0
0
0
0
0
0
0
0
0
0
0
0
0
0
0
0
0
0
0
0
0
0
0
0
0
0
0
0
0
0
0
0
0
0
0
0
0
0
0
0
0
0
0
0
0
0
0
0
0
0
0
0
0
0
0
0
0
0
0
0
0
0
0
0
0
0
0
0
0
0
0
0
0
0
0
0
0
0
0
0
0
0
0
0
0
0
0
0
0
0
0
0
0
0
0
0
0
0
0
0
0
0
0
0
0
0
0
0
0
0
0
0
0
0
0
0
0
0
0
0
0
0
0
0
0
0
0
0
0
0
0
0
0
0
0
0
0
0
0
0
0
0
0
0
0
0
0
0
0
0
0
0
0
0
0
0
0
0
0
0
0
0
0
0
0
0
0
0
0
0
0
0
0
0
0
0
16384
16384
16384
16384
16384
16384
16384
16384
16384
16384
16384
16384
16384
16384
16384
16384
16384
16384
16384
16384
16384
16384
16384
16384
16384
16384
16384
16384
16384
16384
16384
16384
16384
16384
16384
16384
16384
16384
16384
16384
16384
16384
16384
16384
16384
16384
16384
16384
16384
16384
16384
16384
16384
16384
16384
16384
16384
16384
16384
16384
16384
16384
16384
16384
16384
16384
16384
16384
16384
16384
16384
16384
16384
16384
16384
16384
16384
16384
16384
16384
16384
16384
16384
16384
16384
16384
16384
16384
16384
16384
16384
16384
16384
16384
16384
16384
16384
16384
16384
16384
-16383
-16383
-16383
-16383
-16383
-16383
-16383
-16383
-16383
-16383
-16383
-16383
-16383
-16383
-16383
-16383
-16383
-16383
-16383
-16383
-16383
-16383
-16383
-16383
-16383
-16383
-16383
-16383
-16383
-16383
-16383
-16383
-16383
-16383
-16383
-16383
-16383
-16383
-16383
-16383
-16383
-16383
-16383
-16383
-16383
-16383
-16383
-16383
-16383
-16383
-16383
-16383
-16383
-16383
-16383
-16383
-16383
-16383
-16383
-16383
-16383
-16383
-16383
-16383
-16383
-16383
-16383
-16383
-16383
-16383
-16383
-16383
-16383
-16383
-16383
-16383
-16383
-16383
-16383
-16383
-16383
-16383
-16383
-16383
-16383
-16383
-16383
-16383
-16383
-16383
-16383
-16383
-16383
-16383
-16383
-16383
-16383
-16383
-16383
-16383
-16383
-16383
-16383
-16383
-16383
-16383
-16383
-16383
-16383
-16383
-16383
-16383
-16383
-16383
-16383
-16383
-16383
-16383
-16383
-16383
-16383
-16383
-16383
-16383
-16383
-16383
-16383
-16383
-16383
-16383
-16383
-16383
-16383
-16383
-16383
-16383
-16383
-16383
-16383
-16383
-16383
-16383
-16383
-16383
-16383
-16383
-16383
-16383
-16383
-16383
-16383
-16383
-16383
-16383
-16383
-16383
-16383
-16383
-16383
-16383
-16383
-16383
-16383
-16383
-16383
-16383
-16383
-16383
-16383
-16383
-16383
-16383
-16383
-16383
-16383
-16383
-16383
-16383
-16383
-16383
-16383
-16383
-16383
-16383
-16383
-16383
-16383
-16383
-16383
-16383
-16383
-16383
-16383
-16383
-16383
-16383
-16383
-16383
-16383
-16383
-16383
-16383
-16383
-16383
-16383
-16383
-16383
-16383
-16383
-16383
-16383
-16383
-16383
-16383
-16383
-16383
-16383
-16383
-16383
-16383
-16383
-16383
-16383
-16383
-16383
-16383
-16383
-16383
-16383
-16383
-16383
-16383
-16383
-16383
-16383
-16383
-16383
-16383
-16383
-16383
-16383
-16383
-16383
-16383
-16383
-16383
-16383
-16383
-16383
-16383
-16383
-16383
-16383
-16383
-16383
-16383
-16383
-16383
-16383
-16383
-16383
-16383
-16383
-16383
-16383
-16383
-16383
-16383
-16383
-16383
-16383
-16383
-16383
-16383
-16383
-16383
-16383
-16383
-16383
-16383
-16383
-16383
-16383
-16383
-16383
-16383
-16383
-16383
-16383
-16383
-16383
-16383
-16383
-16383
-16383
-16383
-16383
-16383
-16383
-16383
-16383
-16383
-16383
-16383
-16383
-16383
-16383
-16383
-16383
-16383
-16383
-16383
-16383
-16383
-16383
-16383
-16383
-16383
-16383
-16383
-16383
-16383
-16383
-16383
-16383
-16383
-16383
-16383
-16383
-16383
-16383
-16383
-16383
-16383
-16383
-16383
-16383
-16383
-16383
-16383
-16383
-16383
-16383
-16383
-16383
-16383
-16383
-16383
-16383
-16383
-16383
-16383
-16383
-16383
-16383
-16383
-16383
-16383
-16383
-16383
-16383
-16383
-16383
-16383
-16383
-16383
-16383
-16383
-16383
-16383
-16383
-16383
-16383
-16383
-16383
-16383
-16383
-16383
-16383
-16383
-16383
-16383
-16383
-16383
-16383
-16383
-16383
-16383
-16383
-16383
-16383
-16383
-16383
-16383
-16383
-16383
-16383
-16383
-16383
-16383
-16383
-16383
-16383
-16383
-16383
-16383
-16383
-16383
-16383
-16383
-16383
-16383
-16383
-16383
-16383
-16383
-16383
-16383
-16383
-16383
-16383
-16383
-16383
-16383
-16383
-16383
-16383
-16383
-16383
-16383
-16383
-16383
-16383
-16383
-16383
-16383
-16383
-16383
-16383
-16383
-16383
-16383
-16383
-16383
-16383
-16383
-16383
-16383
-16383
-16383
-16383
-16383
-16383
-16383
-16383
-16383
-16383
-16383
-16383
-16383
-16383
-16383
-16383
-16383
-16383
-16383
-16383
-16383
-16383
-16383
-16383
-16383
-16383
-16383
-16383
-16383
-16383
-16383
-16383
-16383
-16383
-16383
-16383
-16383
-16383
-16383
-16383
-16383
-16383
-16383
-16383
-16383
-16383
-16383
-16383
-16383
-16383
-16383
-16383
-16383
-16383
-16383
-16383
-16383
-16383
-16383
-16383
-16383
-16383
-16383
-16383
-16383
-16383
-16383
-16383
-16383
-16383
-16383
-16383
-16383
-16383
-16383
-16383
-16383
-16383
-16383
-16383
-16383
-16383
-16383
-16383
-16383
-16383
-16383
-16383
-16383
-16383
-16383
-16383
-16383
-16383
-16383
-16383
-16383
-16383
-16383
-16383
-16383
-16383
-16383
-16383
-16383
-16383
-16383
-16383
-16383
-16383
-16383
-16383
-16383
-16383
-16383
-16383
-16383
-16383
-16383
-16383
-16383
-16383
-16383
-16383
-16383
-16383
-16383
-16383
-16383
-16383
-16383
-16383
-16383
-16383
-16383
-16383
-16383
-16383
-16383
-16383
-16383
-16383
-16383
-16383
-16383
-16383
-16383
-16383
-16383
-16383
-16383
-16383
-16383
-16383
-16383
-16383
-16383
-16383
-16383
-16383
-16383
-16383
-16383
-16383
-16383
-16383
-16383
-16383
-16383
-16383
-16383
-16383
-16383
-16383
-16383
-16383
-16383
-16383
-16383
-16383
-16383
-16383
-16383
-16383
-16383
-16383
-16383
-16383
-16383
-16383
-16383
-16383
-16383
-16383
-16383
-16383
-16383
-16383
-16383
-16383
-16383
-16383
-16383
-16383
-16383
-16383
-16383
-16383
-16383
-16383
-16383
-16383
-16383
-16383
-16383
-16383
-16383
-16383
-16383
-16383
-16383
-16383
-16383
-16383
-16383
-16383
-16383
-16383
-16383
-16383
-16383
-16383
-16383
-16383
-16383
-16383
-16383
-16383
-16383
-16383
-16383
-16383
-16383
-16383
-16383
-16383
-16383
-16383
-16383
-16383
-16383
-16383
0
7455
7506
7458
7523
7477
7416
7320
7198
7336
7619
7661
7769
7522
7789
7589
7624
7448
7237
7303
7349
7580
7715
7463
7559
7594
7394
7465
7406
7301
7178
7126
7059
7264
7492
7366
7326
7309
7390
7439
7331
7346
7118
7094
7057
7171
7610
7330
7423
7321
7386
7489
7329
7351
7082
7097
6986
7213
7549
7280
7471
7407
7319
7440
7364
7325
7139
7175
7131
7288
7536
7479
7417
7402
7539
7526
7481
7341
7239
7262
7346
7860
7529
7575
7743
7659
7677
7497
7429
7306
7188
7497
7666
7584
7655
7407
7508
7489
7415
7404
7250
7233
7004
7094
7447
7372
7330
7382
7330
7216
7384
7328
7235
7216
7096
7076
7309
7491
7474
7266
7461
7294
7439
7386
7139
7169
7019
7157
7416
7393
7491
7338
7348
7432
7399
7346
7202
7234
7064
7122
7488
7473
7405
7500
7523
7419
7542
7403
7310
7277
7241
7521
7654
7613
7714
7530
7689
7517
7538
7404
7258
7235
7454
7761
7587
7421
7633
7444
7489
7450
7364
7204
7107
7107
7121
7479
7443
7366
7271
7300
7422
7315
7307
7259
7078
7133
7091
7443
7501
7323
7542
7318
7298
7470
7268
7248
7033
7014
7331
7442
7496
7276
7433
7444
7330
7446
7321
7206
7122
7115
7219
7457
7517
7429
7454
7444
7571
7519
7361
7417
7225
7294
7709
7614
7637
7582
7621
7772
7507
7558
7248
7261
7317
7529
7704
7536
7592
7446
7389
7545
7380
7358
7218
7079
7025
7306
7492
7304
7346
7358
7331
7276
7355
7343
7151
7201
7066
7184
7593
7374
7473
7257
7410
7493
7255
7400
7096
7088
7093
7214
7526
7448
7374
7399
7256
7459
7373
7258
7257
7117
7069
7349
7562
7431
7404
7518
7531
7499
7416
7401
7224
7212
7469
7603
7661
7614
7612
7667
7475
7621
7429
7245
7357
7327
7772
7699
7460
7562
7473
7546
7405
7393
7317
7074
7171
7064
7344
7429
7381
7355
7298
7365
7331
7366
7205
7253
7002
7073
7395
7431
7390
7344
7364
7441
7278
7464
7213
7126
7156
6949
7526
7404
7395
7424
7360
7467
7403
7344
7311
7072
7138
7155
7389
7468
7480
7488
7418
7486
7511
7543
7298
7320
7276
7436
7799
7626
7525
7687
7586
7760
7457
7365
7338
7141
7614
7612
7555
7634
7474
7518
7429
7482
7390
7219
7249
7014
7109
7501
7415
7272
7369
7370
7302
7365
7293
7298
7111
7157
7179
7383
7555
7326
7421
7308
7316
7491
7203
7324
6999
7063
7285
7427
7472
7413
7397
7364
7304
7453
7312
7209
7233
7093
7152
7518
7522
7370
7437
7500
7539
7526
7370
7373
7168
7287
7697
7574
7677
7682
7533
7627
7519
7608
7272
7237
7283
7474
7766
7612
7427
7549
7455
7478
7415
7312
7190
7042
7121
7267
7414
7359
7403
7319
7289
7399
7335
7285
7147
7184
7026
7087
7569
7343
7433
7342
7418
7418
7315
7432
7060
7103
7076
7160
7545
7361
7441
7344
7401
7474
7328
7336
7211
7081
7133
7294
7506
7415
7525
7469
7487
7496
7512
194
-946
-874
-718
-359
-106
760
1320
2203
2877
3905
4710
5407
6075
6962
7473
8249
8282
8137
8243
8151
8183
8226
8131
8172
8295
8214
8143
8070
8003
8103
8458
8340
8295
8326
8335
8257
8330
8437
8415
8446
8408
8250
8193
8461
8679
8396
8588
8508
8349
8476
8634
8439
8426
8451
8198
8369
9113
9807
10142
10298
10505
10319
9806
9033
8050
6973
5335
2832
1103
335
-428
-1138
-1431
-1470
-1224
-718
-91
699
1583
2375
3195
3978
4826
5656
6442
7196
7927
8048
8080
8067
7966
7948
7960
7996
8086
8182
8172
8088
8019
7853
7761
8099
8374
8216
8155
8270
8247
8222
8178
8289
8307
8425
8396
8388
8302
8320
9016
9690
10502
11017
11236
11360
11224
10734
9826
8605
7266
5993
4124
1247
-96
-83
-25
30
90
105
126
203
266
238
-639
-1649
-2405
-2914
-3067
-3002
-2685
-2193
-1540
-735
115
1027
1943
2882
3737
4699
5702
6659
7576
8428
8824
8803
8761
8612
8658
8670
8660
8714
8893
8934
8977
9052
9128
9172
9102
9012
9038
9421
9472
9501
9469
9454
9566
9515
9504
9622
9625
9676
9728
9908
9942
9947
9940
10379
11291
12157
12923
13515
14088
14348
14258
13794
13002
11919
10319
8237
6304
3541
661
3
-75
33
85
50
113
154
204
200
-504
-2028
-3102
-3742
-4295
-4363
-4067
-3735
-3055
-2107
-1316
-130
949
2093
3540
4601
5789
7138
8162
9248
10101
9701
9902
10000
9821
9870
10056
9987
9854
10053
10121
10059
10166
10381
10341
10275
10177
10617
10737
10620
10660
10686
10735
10680
10732
10771
10882
10896
10990
11049
11019
11088
11050
11655
12849
14087
15200
15881
16593
16901
16657
16296
15091
13101
11032
8372
5358
2852
137
144
20
40
38
104
119
177
236
164
-837
-2926
-4536
-5165
-5501
-5542
-5000
-4368
-3261
-2351
-1045
73
1539
2730
4319
5491
6886
7960
9261
9682
9573
9788
9657
9832
9652
9622
9783
9915
9784
10011
10021
10044
10254
10254
10041
10085
10618
10577
10491
10479
10550
10587
10625
10692
10723
10762
10910
11026
11021
10915
10948
11040
12135
13370
14488
15648
16546
16878
17219
17083
16076
14681
12549
10240
7450
4458
1799
75
126
31
-2
95
63
158
192
208
60
-1377
-3284
-5052
-5538
-5777
-5671
-4937
-4244
-3225
-2182
-859
424
1668
3234
4527
5844
7275
8267
9510
9519
9462
9748
9459
9532
9738
9696
9574
9647
9924
9930
9942
9996
10060
10097
9981
10161
10559
10446
10536
10531
10506
10545
10601
10694
10734
10766
10819
10975
10956
11010
10952
11458
12890
14157
15169
16078
16955
17345
17154
16563
15383
13368
11348
8474
5534
2870
373
74
-5
52
46
66
144
170
204
159
-818
-2735
-4495
-5463
-5924
-5713
-5193
-4523
-3421
-2415
-1210
249
1537
2857
4411
5775
6937
8393
9427
9491
9434
9718
9698
9454
9528
9698
9740
9800
9853
9898
9934
10123
10111
10168
10081
10320
10606
10491
10481
10505
10528
10581
10639
10728
10830
10853
10983
11053
11090
11027
10954
11857
13249
14512
15481
16302
16897
17337
17107
16243
14738
12361
10120
7122
4474
1675
216
70
0
-12
89
102
140
177
213
-183
-2026
-3830
-5387
-5750
-5953
-5575
-4740
-3739
-2736
-1590
-94
1327
2719
4024
5410
6929
8272
9255
9449
9416
9620
9710
9687
9553
9642
9659
9676
9762
9891
10051
10095
10030
10028
10093
10370
10531
10483
10479
10541
10541
10557
10702
10759
10881
10866
10948
11034
11022
10921
11024
12361
13760
14886
15847
16607
17013
17054
16534
15318
13261
11171
8646
5266
2881
279
143
87
76
75
79
109
177
223
60
-1472
-3300
-4940
-5686
-5863
-5549
-4860
-3907
-2856
-1760
-390
1143
2627
4121
5476
6832
8025
9233
9439
9453
9356
9503
9586
9632
9630
9685
9642
9694
9859
10023
10115
10028
9985
10014
10496
10530
10469
10501
10506
10520
10595
10664
10700
10831
10839
10946
11035
11046
10997
11706
13013
14364
15560
16410
16993
17194
17031
16048
14325
12136
9696
6563
3746
1147
0
-11
6
7
31
98
169
231
138
-882
-3016
-4735
-5289
-5656
-5562
-4991
-4110
-3031
-1758
-427
929
2436
3977
5408
6748
8020
9214
9481
9577
9578
9615
9643
9618
9653
9690
9611
9796
9821
10058
10139
10038
9966
10016
10514
10468
10441
10418
10541
10561
10553
10652
10772
10915
10915
10939
10996
11028
10931
12069
13610
14792
15734
16464
16931
16953
16556
15426
13187
10973
8504
5016
2596
352
123
9
-16
11
71
140
198
203
-138
-2034
-3893
-5160
-5425
-5500
-5068
-4391
-3387
-2270
-923
452
1830
3353
4903
6331
7629
8917
9637
9645
9427
9452
9504
9557
9602
9760
9693
9722
9931
10120
10225
10067
10009
10094
10481
10522
10491
10465
10506
10592
10592
10658
10778
10849
10903
11034
11043
11030
11008
12111
13630
14781
15666
16523
11308
8326
8222
8286
8477
8285
8465
8662
8497
8530
8218
8268
8216
8261
8375
8158
8168
8403
8372
8356
8441
8175
7978
8150
8090
8009
8180
8332
8246
8172
8362
8500
8330
8231
8235
8008
8354
8171
8238
8387
8311
8377
8225
8618
8549
8266
8222
8244
8244
8200
8328
8228
8196
8404
8449
8391
8578
8442
7970
8238
8167
8160
8264
8260
8416
8226
8568
8646
8483
8367
8264
8241
8326
8332
8385
8238
8499
8429
8422
8630
8354
8163
8171
8258
8208
8115
8330
8237
8202
8366
8432
8209
7953
8128
7919
8051
8051
8119
8066
8182
8359
8190
8452
8550
8031
8262
8089
8189
8216
8182
8398
8168
8382
8485
8383
8547
8229
8123
8226
8271
8248
8138
8285
8365
8331
8450
8622
8485
8155
8228
8165
8136
8259
8241
8253
8294
8559
8424
8541
8670
8154
8350
8268
8321
8323
8337
8494
8274
8543
8630
8487
8287
8244
8247
8172
8232
8276
8144
8253
8380
8316
8361
8246
7935
7991
8163
7997
8054
8112
8155
8199
8215
8461
8395
8167
8267
8073
8210
8270
8171
8272
8202
8413
8438
8370
8664
8450
8136
8303
8229
8182
8248
8337
8240
8242
8460
8500
8469
8473
8182
8078
8280
8251
8123
8292
8331
8400
8367
8556
8685
8350
8379
8380
8177
8437
8331
8393
8361
8470
8627
8473
8601
8262
8144
8350
8303
8192
8232
8340
8304
8292
8472
8443
8087
7972
8157
7979
8086
8277
8067
8139
8263
8350
8390
8378
8333
8055
8213
8210
8046
8320
8284
8269
8349
8428
8530
8408
8378
8269
8133
8245
8285
8230
8193
8368
8388
8376
8537
8636
8348
8044
8275
8220
8130
8406
8208
8287
8546
8402
8617
8568
8444
8272
8247
8437
8291
8334
8520
8406
8537
8609
8627
8535
8186
8371
8229
8205
8386
8291
8208
8361
8487
8348
8359
8066
8012
8110
8113
8178
7954
8258
8247
8171
8419
8343
8494
8179
8140
8203
8100
8365
8273
8086
8384
8340
8441
8427
8602
8308
8090
8350
8203
8163
8298
8336
8219
8306
8543
8450
8551
8248
8196
8171
8218
8321
8160
8274
8447
8318
8542
8543
8619
8302
8267
8389
8215
8356
8461
8240
8549
8547
8510
8637
8309
8277
8183
8269
8299
8134
8247
8362
8290
8321
8513
8192
7948
8114
8087
8031
8079
8224
8124
8089
8465
8266
8454
8400
8039
8190
8153
8282
8131
8225
8406
8188
8381
8443
8518
8497
8211
8238
8069
8242
8264
8170
8213
8376
8358
8364
8571
8426
8079
8093
8260
8131
8163
8375
8185
8318
8487
8435
8590
8355
8319
8305
8256
8433
8205
8357
8549
8390
8563
8571
8575
8236
8219
8315
8172
8210
8353
8233
8202
8426
8461
8385
8190
8027
8004
8107
8053
8193
8099
8195
8298
8199
8488
8411
8124
8260
8121
8179
8115
8359
8356
8142
8475
8344
8442
8528
8390
8144
8126
8317
8140
8147
8293
8290
8208
8430
8542
8455
8376
8075
8170
8056
8288
8243
8071
8390
8265
8432
8619
8550
8400
8203
8306
8360
8198
8525
8352
8306
3236
3084
4459
5659
6667
7475
8269
8778
9174
9428
9680
9810
9748
9567
9336
8942
8447
8488
8563
8402
8557
8581
8401
8544
8688
8523
8620
8705
8739
8841
8650
8589
8603
8572
8663
8751
8569
8783
8924
8761
8842
9042
8966
9032
8970
8803
8735
8909
8947
8871
8946
9066
9090
9026
9201
9336
9226
8569
7744
6807
5847
4637
3423
2196
1051
133
-593
-914
-270
323
566
2141
3593
4859
6017
7264
8305
9157
9871
10424
10837
11116
11177
11197
11197
11062
10710
10325
10345
10372
10254
10467
10492
10504
10448
10567
10537
10533
10725
10838
10806
10943
10727
10534
10556
10687
10960
10870
10951
10952
10957
10986
11270
11375
11354
11444
11392
10783
9975
9240
8242
7037
5805
4464
3099
1748
611
-314
-951
-1106
-331
361
456
393
418
434
496
585
612
588
723
1871
2976
4339
5713
7082
8336
9622
10723
11806
12702
13402
13965
14494
14754
14892
14963
15050
14897
14585
14255
14141
14235
14138
14284
14371
14343
14294
14538
14437
14342
14460
14619
14571
14513
14695
15032
14909
14748
14903
14892
14825
14928
14964
14899
14985
15168
15166
15226
15303
15499
15609
15586
15791
15476
14654
13765
12743
11539
10220
8758
7104
5339
3598
1971
557
-465
-1082
-985
-59
353
458
403
350
619
447
626
563
415
1591
3000
4361
6236
7861
9592
11360
12700
14095
15436
16464
17391
17957
18471
18959
19177
19181
19059
19011
18661
18206
18360
18411
18452
18356
18465
18516
18615
18602
18676
18784
18929
18776
18893
18904
18986
19054
18860
19059
18921
19157
19087
19200
19339
19471
19382
19438
19544
19758
19670
19610
19857
19980
19509
18615
17663
16421
14829
13106
11158
8926
6674
4332
2145
389
-694
-1114
-876
260
231
386
377
484
406
610
426
626
516
2047
4063
6644
8072
10526
12319
14047
15289
16876
17919
19067
19812
20351
20681
20983
21087
20930
20612
20321
20131
20099
19941
20091
20110
20068
20002
20132
20089
20143
20006
20290
20335
20066
20157
20455
20368
19902
20270
20349
20196
20143
20440
20561
20505
20421
20508
20621
20716
20759
20670
20725
20891
20375
19359
18090
16764
15146
13096
11016
8724
6205
3771
1599
40
-895
-1046
-470
271
217
385
555
367
572
388
616
385
799
2388
4713
7175
9061
11205
12891
14619
15978
17398
18461
19402
20172
20751
21066
21199
21213
21176
20811
20371
20388
20451
20197
20231
20301
20352
20197
20244
20473
20319
20324
20417
20583
20478
20392
20595
20588
20410
20242
20429
20448
20340
20590
20806
20820
20742
20853
20828
20783
20899
21087
21085
20777
20052
19012
17542
15953
14207
12144
9764
7296
4772
2426
595
-581
-1060
-855
107
280
404
357
462
572
393
622
488
518
1900
3874
6610
8636
10790
12737
14344
15675
17288
18478
19391
20210
20811
21227
21379
21378
21234
21090
20598
20358
20564
20502
20340
20350
20502
20504
20348
20426
20619
20597
20558
20632
20775
20470
20599
20538
20581
20395
20629
20708
20706
20708
20901
20895
20867
20911
20986
20881
20894
20998
20967
20413
19506
18399
16864
15173
13248
11158
8764
6259
3769
1586
13
-899
-1096
-487
158
292
423
507
388
450
630
400
434
1160
3113
5277
8116
10138
12096
13796
15343
16923
18207
19268
20132
20716
21219
21404
21394
21336
21130
20803
20495
20550
20613
20544
20368
20524
20664
20571
20509
20728
20726
20616
20623
20816
20756
20653
20546
20638
20345
20477
20681
20731
20652
20836
20907
20907
20828
20939
20851
20822
20879
20611
19922
18932
17641
16069
14198
12167
9884
7393
4894
2486
634
-630
-1020
-834
130
231
260
335
346
570
589
450
429
636
2577
4788
7587
9247
11620
13570
15087
16640
18021
19162
20078
20765
21235
21592
21593
21419
21124
20926
20674
20517
20627
20677
20519
20432
20647
20645
20576
20709
20818
20652
20624
20882
20890
20678
20401
20595
20416
20403
20554
20733
20719
20833
20838
20748
20622
20809
20863
20792
20933
20343
19356
18274
16864
15155
13122
10904
8496
5931
3406
1286
-227
-986
-993
-261
353
430
468
507
575
567
429
451
504
1816
4205
6773
8632
11139
13000
14646
16127
17583
18844
19904
20506
20948
21310
21439
21254
20950
20694
20597
20406
20383
20492
20423
20279
20483
20514
20469
20404
20769
20479
20443
20675
20636
20572
20389
20369
20391
20222
20654
20565
20310
20460
20659
20680
20482
20577
20618
20625
20581
19879
18923
17612
16008
14138
12071
9759
7310
4771
2359
556
-708
-1028
-791
32
219
404
461
552
617
534
515
542
1077
3292
5744
7848
9936
12065
13751
15259
16766
18091
19293
20039
20501
20877
21119
21037
20760
20516
20261
20147
20078
20218
20176
19974
20153
20209
20125
20144
20256
20105
20013
20357
20376
20045
19984
20248
19930
19910
20257
20231
20010
20300
20332
20166
20247
20396
20205
20300
20216
19551
18607
17265
15617
13814
21494
3916
3932
3557
3265
3196
2768
2572
2217
1927
1459
1122
676
368
-101
-419
-855
-1114
-1414
-1879
-2120
-2666
-2917
-3112
-3560
-3658
-3776
-4097
-4071
-4182
-4394
-4202
-4465
-4271
-4383
-4174
-3943
-4002
-3612
-3495
-3267
-2845
-2630
-2362
-1970
-1691
-1147
-855
-460
-96
328
720
1050
1397
1761
2023
2280
2796
3122
3431
3562
3753
4076
4055
4311
4257
4192
4387
4233
4204
4319
4028
3855
3842
3435
3226
3051
2690
2521
2072
1750
1324
1034
606
177
-198
-591
-886
-1235
-1623
-1844
-2402
-2693
-3076
-3271
-3435
-3845
-3845
-4199
-4109
-4133
-4445
-4207
-4376
-4285
-4340
-4100
-3916
-3912
-3576
-3411
-3074
-2771
-2568
-2283
-1856
-1481
-1110
-694
-375
64
433
818
1231
1464
1903
2177
2440
3002
3125
3573
3625
3785
4153
4101
4180
4366
4255
4431
4360
4240
4276
3997
3981
3618
3407
3243
2914
2596
2387
2004
1608
1265
861
470
128
-321
-636
-1009
-1395
-1646
-1970
-2488
-2812
-3198
-3251
-3559
-3902
-3901
-4223
-4136
-4408
-4196
-4231
-4487
-4199
-4361
-4028
-4049
-3720
-3456
-3396
-2954
-2788
-2432
-2147
-1772
-1400
-952
-632
-184
132
539
939
1249
1663
1860
2306
2579
2947
3407
3417
3660
4066
3989
4306
4183
4244
4418
4188
4447
4164
4237
4149
3735
3724
3303
3203
2810
2473
2331
1881
1517
1130
765
378
-24
-469
-738
-1187
-1406
-1734
-2195
-2525
-2887
-3242
-3407
-3758
-3736
-4169
-4269
-4334
-4187
-4419
-4247
-4425
-4244
-4112
-4161
-3867
-3773
-3416
-3296
-2878
-2616
-2279
-2091
-1645
-1227
-882
-480
-146
278
728
981
1459
1659
1968
2393
2664
3229
3283
3688
3764
3844
4259
4161
4361
4265
4421
4420
4208
4348
4068
4048
3719
3489
3362
3005
2822
2443
2221
1746
1447
1032
640
262
-140
-497
-895
-1195
-1569
-1885
-2321
-2688
-3120
-3190
-3451
-3814
-3910
-3963
-4287
-4216
-4193
-4452
-4220
-4465
-4387
-4082
-4152
-3749
-3555
-3523
-3054
-2819
-2602
-2255
-1887
-1544
-1129
-779
-394
7
426
726
1225
1450
1740
2205
2348
2976
3108
3530
3588
3931
3984
4276
4322
4244
4417
4421
4188
4406
4132
4152
3863
3814
3402
3344
2987
2637
2435
2093
1670
1263
899
564
118
-236
-702
-944
-1362
-1640
-1897
-2512
-2756
-3146
-3294
-3688
-3897
-3859
-4233
-4173
-4131
-4448
-4225
-4431
-4281
-4152
-4245
-3872
-3897
-3659
-3220
-3015
-2690
-2531
-2095
-1833
-1384
-965
-682
-251
97
518
913
1253
1658
1834
2140
2657
2927
3220
3408
3833
4012
3931
4321
4182
4393
4434
4200
4436
4165
4251
3968
3916
3601
3325
3173
2836
2624
2264
1908
1550
1165
787
383
42
-362
-756
-1173
-1361
-1788
-2059
-2585
-2871
-3119
-3480
-3593
-3760
-3954
-4253
-4140
-4235
-4396
-4243
-4501
-4206
-4150
-4183
-4037
-3625
-3542
-3211
-3013
-2765
-2326
-2034
-1764
-1228
-954
-525
-158
248
662
968
1450
1606
1935
2385
2734
3040
3405
3536
3665
4050
4079
4085
4406
4217
4386
4208
4400
4175
4035
4038
3742
3611
3266
3147
5408
5488
4886
4301
3647
3139
2418
1818
1126
544
-149
-767
-1356
-2020
-2552
-3075
-3792
-4105
-4346
-4502
-4653
-5009
-5047
-5307
-5379
-5512
-5315
-5274
-5220
-5142
-5115
-4993
-5025
-4665
-4410
-4154
-4101
-3747
-3383
-2958
-2700
-2213
-1906
-1545
-1095
-652
-360
119
498
857
1290
1712
1945
2375
2584
2800
3142
3853
4430
4946
5240
5761
6416
6859
7038
7301
7475
7709
7429
7470
7259
6582
6210
5655
5065
4348
3673
3012
2278
1532
828
158
-521
-1212
-1952
-2530
-3278
-3917
-4326
-4548
-4893
-5265
-5367
-5588
-5800
-6128
-6298
-6414
-6230
-6217
-6216
-6347
-6150
-6291
-6166
-5952
-5479
-5269
-5165
-4723
-4546
-4055
-3750
-3352
-2859
-2568
-2073
-1590
-942
-253
373
1026
1714
2419
3167
3873
4482
5303
6082
6678
6911
7243
8196
8919
9283
9723
10224
10375
10227
10141
10073
9606
9154
8604
7987
7194
6482
5783
4973
4087
3273
2401
1563
719
-100
-924
-1708
-2569
-3306
-4161
-4910
-5388
-5896
-6187
-6621
-6821
-7284
-7571
-7611
-8037
-8073
-8368
-8430
-8510
-8371
-8504
-8351
-8119
-8254
-8046
-7853
-7464
-7377
-7065
-6600
-6421
-5985
-5592
-5154
-4709
-4179
-3572
-3110
-2712
-2147
-1409
-779
0
691
1502
2308
3113
3926
4713
5638
6474
7242
8062
8599
8930
9700
10514
11252
11836
11974
12470
12502
12444
12243
11672
10995
10561
9645
9036
8073
7141
6354
5327
4367
3435
2387
1437
464
-559
-1490
-2389
-3408
-4194
-5133
-5928
-6277
-6779
-7209
-7582
-7922
-8264
-8503
-8722
-8937
-8912
-9169
-9108
-9127
-9294
-9222
-8930
-9079
-8851
-8481
-8168
-7911
-7564
-7191
-6781
-6405
-6109
-5629
-5089
-4606
-4116
-3531
-2989
-2261
-1499
-658
139
958
1890
2838
3749
4807
5757
6762
7787
8659
9370
9892
10440
11449
12258
12964
13457
13816
13809
13801
13521
13195
12474
11820
11002
10259
9272
8363
7333
6355
5224
4216
3105
2092
997
3
-1088
-2041
-3048
-3957
-4905
-5566
-6038
-6583
-6959
-7394
-7728
-8071
-8366
-8655
-8836
-9078
-9135
-9214
-9359
-9336
-9198
-9145
-9177
-8900
-8673
-8477
-8209
-7804
-7419
-7048
-6660
-6194
-5678
-5148
-4634
-4155
-3602
-3008
-2242
-1446
-628
293
1223
2086
3098
4128
5088
6134
7119
8097
8912
9560
10111
10732
11702
12438
13013
13516
13708
13830
13666
13479
12999
12331
11586
10848
10001
9071
8160
7092
6098
5022
3987
2893
1837
818
-276
-1276
-2268
-3273
-4150
-5086
-5604
-6066
-6633
-6983
-7379
-7772
-8118
-8371
-8581
-8864
-9026
-9123
-9164
-9234
-9259
-9144
-9062
-8986
-8857
-8584
-8319
-8061
-7655
-7225
-6821
-6412
-5932
-5458
-4940
-4404
-3823
-3296
-2664
-1807
-981
-155
748
1742
2712
3663
4661
5735
6727
7789
8604
9323
9975
10468
11379
12190
12901
13382
13677
13858
13748
13585
13233
12551
11876
11045
10262
9371
8381
7380
6383
5252
4208
3141
2020
976
-55
-1142
-2158
-3101
-4107
-4998
-5571
-6026
-6573
-7027
-7369
-7721
-8082
-8417
-8657
-8820
-8998
-9130
-9203
-9192
-9275
-9174
-9104
-8845
-8870
-8556
-8248
-7927
-7391
-7139
-6711
-6257
-5769
-5231
-4724
-4053
-3509
-2988
-2283
-1439
-575
194
1138
2068
3085
4093
5104
6078
7065
7981
8750
9629
10171
10857
11570
12497
13098
13575
13819
13818
13765
13303
12754
12064
11452
10594
9690
8783
7790
6708
5592
4523
3448
2298
1197
125
-902
-1944
-3004
-3997
-4872
-5500
-5994
-6517
-6992
-7430
-7741
-8065
-8412
-8575
-8701
-9055
-9043
-9104
-9056
-9043
-9004
-9134
-8943
-8823
-8327
-7975
-7636
-7474
-7009
-6554
-5904
-5451
-5053
-4529
-3994
-3327
-2892
-2054
-1080
-290
606
1545
2528
3521
4547
5571
6544
7601
8543
9043
9916
10380
11351
12191
12667
13366
13623
13742
13725
13503
13072
12336
11448
10620
10010
8898
7980
6927
5749
4705
3624
2477
1334
217
-880
-1893
-2945
-3918
-4856
-5490
-6037
-6465
-6909
-7450
-7892
-8184
-8491
-8581
-8918
-8905
-9076
-9152
-9081
-9022
-9196
-8961
-8728
-8566
-8494
-7945
-7537
-7337
-6869
-6423
-5784
-5470
-4870
-4159
-3613
-3150
-2375
-1548
-714
229
1155
2118
3114
4165
5195
6145
7215
8094
8826
9508
10046
10947
11657
12577
13139
13313
13512
13739
13364
13019
12365
11793
10858
10145
9145
8174
7041
5959
4891
3701
2599
1481
350
-776
-1853
-2896
-3853
-4802
-5442
-6106
-6613
-7070
-7518
-7786
-8089
-8359
-8762
-8841
-8904
-9293
-9177
-9294
-9249
-9174
-9091
-8918
-8668
-8249
-7969
-7627
-7296
-6639
-6108
-5759
-5123
-4561
-4112
-3527
-2973
-2178
-1238
-347
552
1526
2483
3498
4550
5636
6567
7591
8453
9178
9912
10470
11219
11979
12612
13071
13545
13468
13572
13104
12756
11835
11076
10464
9506
8410
7390
6416
5283
4152
2961
1853
739
-382
-1491
-2596
-3577
-4566
-5366
-5913
-6364
-6807
-7380
-7838
-8021
-8331
-8585
-8786
-8936
-9292
-9205
-9092
-9220
-9025
-8910
-8637
-8494
-8220
-7793
-7610
-7078
-6727
-6235
-5767
-5215
-4462
-3933
-3463
-2783
-2001
-1149
-264
674
1647
1096
1762
2236
2433
2705
3159
3219
3550
3615
3984
4069
4362
4270
4284
4455
4307
4437
4104
4011
4037
3663
3635
3256
3005
2815
2385
2072
1755
1351
1012
680
301
-78
-506
-1006
-1316
-1624
-2098
-2341
-2769
-3058
-3172
-3406
-3694
-3726
-4169
-4160
-4219
-4479
-4324
-4472
-4258
-4193
-4014
-4076
-3754
-3532
-3450
-3082
-2929
-2473
-2161
-1906
-1445
-1133
-743
-417
-26
322
743
1255
1540
1855
2293
2522
2835
3189
3279
3657
3635
3880
4307
4377
4231
4295
4519
4406
4185
4095
4118
3789
3774
3424
3288
2897
2624
2371
1933
1667
1230
893
537
216
-206
-692
-1090
-1410
-1767
-2202
-2404
-2843
-3033
-3219
-3592
-3809
-3769
-4047
-4402
-4261
-4282
-4292
-4507
-4209
-4290
-4027
-4020
-3813
-3465
-3398
-2986
-2800
-2418
-2064
-1766
-1348
-991
-672
-275
62
456
933
1346
1627
2090
2325
2602
3024
3171
3322
3681
3733
3969
4311
4210
4490
4300
4469
4279
4159
4213
3934
3756
3714
3342
3237
2824
2486
2289
1833
1539
1134
827
451
75
-345
-797
-1242
-1512
-1930
-2201
-2527
-2958
-3052
-3441
-3500
-3808
-3859
-4314
-4187
-4264
-4517
-4309
-4450
-4212
-4125
-4119
-3813
-3808
-3382
-3175
-3036
-2634
-2278
-2037
-1620
-1269
-888
-550
-195
162
619
1018
1470
1837
2058
2515
2719
3140
3200
3393
3785
3767
4242
4199
4416
4283
4527
4476
4209
4318
4053
3852
3847
3529
3272
3131
2728
2532
2087
1790
1446
1053
682
347
-15
-514
-933
-1237
-1698
-1995
-2395
-2591
-3049
-3159
-3343
-3534
-3922
-3930
-4317
-4250
-4479
-4485
-4299
-4458
-4161
-4218
-3946
-3737
-3685
-3359
-3241
-2801
-2633
-2211
-1873
-1542
-1138
-813
-421
-80
292
724
1230
1499
1911
2206
2514
2901
3048
3424
3445
3815
3867
4309
4358
4278
4520
4273
4473
4232
4099
4143
3836
3820
3431
3344
2959
2627
2416
1988
1633
1321
925
611
199
-138
-656
-1078
-1374
-1833
-2038
-2392
-2865
-2968
-3201
-3589
-3605
-3741
-4198
-4199
-4402
-4305
-4534
-4462
-4218
-4341
-4044
-3842
-3858
-3515
-3386
-3022
-2859
-2415
-2178
-1738
-1440
-1061
-670
-366
41
396
903
1249
1678
1970
2374
2571
3052
3260
3308
3709
3858
3953
4314
4236
4465
4291
4324
4434
4155
4267
3947
3758
3729
3400
3253
2821
2669
2302
1872
1570
1168
824
451
136
-299
-789
-1128
-1541
-1829
-2306
-2606
-2764
-3069
-3271
-3624
-3646
-4013
-4075
-4176
-4489
-4472
-4280
-4478
-4201
-4274
-4127
-3846
-3601
-3543
-3205
-2930
-2615
-2423
-2074
-1641
-1305
-922
-589
-194
126
562
1004
1442
1691
2126
2404
2683
3064
3186
3544
3557
3744
4222
4150
4407
4306
4324
4251
4435
4338
4011
4044
3717
3688
3276
3038
2888
2436
2113
1765
1465
1063
726
390
-13
-481
-866
-1234
-1690
-2041
-2233
-2703
-2905
-3246
-3503
-3545
-3687
-4087
-4149
-4436
-4439
-4329
-4312
-4425
-4172
-4264
-3937
-3737
-3739
-3511
-3104
-2972
-2551
-2216
-1948
-1517
-1169
-831
-466
-126
250
717
1121
1442
1906
2162
2548
2760
3197
3248
3866
4139
4407
4487
4892
5035
4957
5218
5077
5043
4979
4908
4969
4591
4411
4301
3999
3699
3234
2865
2576
2106
1786
1346
899
465
72
-310
-688
-1122
-1622
-2030
-2319
-2656
-2977
-3418
-3697
-3964
-4082
-4433
-4382
-4535
-4637
-4775
-4899
-5120
-4861
-4998
-4959
-4830
-4648
-4305
-4304
-3859
-3638
-3380
-3222
-2872
-2539
-2063
-1622
-1237
-744
-175
420
1093
1718
1937
2541
3354
3689
4243
4658
5035
5136
5405
5817
5995
6101
6158
5987
6008
5957
6007
5659
5654
5397
5099
4621
4318
4061
3550
3138
2714
2323
1847
1387
889
448
44
-384
-934
-1506
-1919
-2332
-2686
-3079
-3539
-3779
-4262
-4439
-4824
-5036
-5097
-5418
-5416
-5971
-6158
-6446
-6931
-7012
-7238
-7426
-7738
-7818
-7611
-7640
-7337
-6984
-6691
-5976
-5126
-4120
-3020
-1914
-761
412
1554
2733
3956
4662
5266
5810
6296
6593
7007
7539
7854
7904
8301
8271
8583
8605
8434
8612
8331
8346
7972
7940
7646
7126
6913
6390
6118
5501
5178
4696
4023
3585
2966
2488
1899
1330
725
226
-303
-848
-1492
-2026
-2541
-2984
-3498
-3980
-4327
-4810
-5193
-5545
-5867
-6169
-6420
-6474
-6659
-6930
-7192
-7433
-7992
-8141
-8641
-8917
-9144
-9342
-9495
-9365
-9507
-9370
-9117
-8665
-8193
-7641
-6633
-5443
-4126
-2746
-1340
138
1565
2975
4333
5257
5733
6483
6852
7482
7748
8092
8637
8732
9128
9319
9244
9559
9580
9312
9428
9116
9119
8651
8548
8219
7836
7374
6879
6455
5900
5307
4744
4206
3557
2841
2334
1643
973
430
-157
-743
-1443
-2058
-2568
-3106
-3632
-4129
-4565
-5001
-5433
-5933
-6275
-6576
-6891
-7148
-7315
-7449
-7615
-8097
-8526
-9137
-9533
-9901
-10008
-10480
-10631
-10534
-10712
-10469
-10083
-9590
-8739
-8067
-6732
-5321
-3797
-2208
-568
987
2529
3983
5377
6208
6581
6852
7463
7774
8167
8538
8928
9144
9377
9483
9592
9661
9674
9577
9453
9278
9086
8762
8420
8054
7627
7141
6607
6134
5615
4989
4388
3820
3176
2523
1898
1246
616
47
-566
-1319
-1902
-2450
-3012
-3579
-4083
-4569
-5053
-5507
-5902
-6282
-6617
-6894
-7141
-7348
-7501
-7930
-8442
-8933
-9358
-9747
-10130
-10422
-10650
-10836
-10894
-10819
-10509
-10073
-9496
-8743
-7769
-6396
-4948
-3416
-1804
-224
1353
2836
4301
5585
6266
6599
6828
7337
7706
8128
8496
8837
9065
9278
9428
9509
9540
9529
9471
9337
9111
8909
8609
8249
7844
7424
6995
6465
5891
5388
4842
4207
3567
2960
2331
1684
1059
437
-152
-808
-1523
-2080
-2679
-3230
-3767
-4267
-4738
-5211
-5650
-6027
-6395
-6751
-6998
-7198
-7379
-7694
-8198
-8732
-9225
-9620
-9982
-10310
-10602
-10661
-10967
-10970
-10691
-10310
-9770
-9061
-8234
-6937
-5510
-3976
-2390
-771
828
2342
3833
5231
6106
6547
6769
7194
7568
7982
8399
8779
9001
9204
9391
9489
9534
9521
9467
9353
9181
8889
8633
8337
7888
7420
6987
6524
5946
5358
4809
4189
3540
2923
2297
1609
975
356
-248
-933
-1626
-2191
-2763
-3322
-3860
-4317
-4856
-5320
-5756
-6124
-6472
-6799
-6918
-7083
-7238
-7642
-8141
-8595
-9248
-9470
-9846
-10337
-10602
-10763
-10643
-10776
-10282
-9888
-9393
-8653
-7597
-6153
-4746
-3183
-1538
87
1657
3207
4605
5783
6298
6769
6960
7447
7849
8281
8681
8951
9176
9354
9482
9563
9548
9513
9426
9225
8968
8675
8383
7967
7478
6996
6531
5980
5372
4829
4158
3469
2911
2167
1520
891
271
-363
-1044
-1711
-2304
-2856
-3411
-3928
-4499
-4992
-5436
-5756
-6120
-6556
-6878
-7127
-7132
-7528
-8025
-8336
-8968
-9403
-9811
-9957
-10444
-10663
-10777
-10799
-10561
-10151
-9541
-8913
-8082
-6739
-5289
-3706
-2128
-490
1110
2689
4205
5564
6227
6522
6748
7457
7654
8226
8651
8783
9212
9410
9419
9594
9656
9571
9292
9264
9051
8697
8382
8013
7513
6941
6541
6031
5403
4789
4076
3517
2734
2073
1407
768
144
-460
-1246
-1871
-2453
-3075
-3587
-4095
-4681
-5151
-5597
-5929
-6423
-6719
-6852
-7079
-7373
-7603
-8114
-8763
-9201
-9616
-10004
-10319
-10375
-10732
-10605
-10664
-10149
-9718
-9075
-8280
-7244
-5740
-4271
-2674
-1033
589
2228
3700
5116
6026
6500
6676
7404
7733
8162
8391
8747
9194
9196
9515
9449
9678
9614
9497
9359
8967
8640
8281
8073
7617
7083
6561
5885
5256
4627
4147
3365
2669
2066
1317
722
86
-577
-1367
-1986
-2590
-3150
-3756
-4299
-4827
-5218
-5634
-6160
-6408
-6686
-7075
-7290
-7451
-7924
-8439
-8912
-9349
-9565
-10104
-10402
-10403
-10708
-10724
-10469
-9880
-9558
-8777
-7865
-6433
-4983
-3444
-1835
-173
1416
3039
4454
5803
6185
6525
7108
7627
7850
8275
8839
9131
9348
9293
9631
9696
9469
9340
9393
9026
8719
8371
7983
7570
7031
6660
6137
5362
4705
4109
3457
2735
2122
1365
720
119
-572
-1326
-1960
-2562
-3142
-3688
-4299
-4748
-5273
-5730
-6166
-6514
-6671
-6946
-7274
-7283
-7732
-8401
-8876
-9117
-9495
-6957
13554
13784
14015
14245
14475
14705
14935
15164
15392
15620
15850
16081
16312
161
393
626
860
1093
1325
1557
1789
2022
2257
2492
2728
2964
3200
3436
3672
3907
4141
4374
4606
4838
5071
5305
5539
5773
6006
6240
6472
6705
6936
7167
7396
7626
7857
8089
8321
8554
8786
9018
9251
9482
9713
9943
10172
10401
10632
10864
11096
11328
11561
11792
12024
12255
12484
12713
12941
13170
13399
13629
13860
14090
14320
14550
14780
15010
15239
15467
15696
15926
16157
5
238
471
704
937
1170
1402
1634
1866
2100
2334
2570
2806
3042
3278
3514
3749
3984
4217
4450
4681
4914
5147
5381
5615
5849
6082
6314
6547
6779
7010
7240
7469
7699
7931
8163
8395
8627
8860
9092
9324
9555
9786
10014
10243
10473
10704
10936
11168
11400
11632
11863
12095
12325
12554
12782
13010
13238
13468
13698
13928
14159
14389
14619
14849
15078
15307
15535
15764
15994
16225
74
306
539
772
1005
1238
1470
1702
1934
2168
2403
2638
2874
3111
3347
3582
3817
4052
4285
4516
4748
4981
5214
5448
5682
5915
6148
6381
6613
6845
7076
7305
7534
7765
7996
8228
8460
8693
8925
9157
9389
9620
9850
10079
10308
10538
10770
11002
11234
11467
11699
11930
12161
12392
12621
12849
13077
13306
13535
13766
13996
14226
14457
14687
14917
15146
15374
15603
15832
16063
16295
143
376
609
842
1075
1308
1540
1772
2005
2239
2474
2710
2946
3182
3418
3653
3888
4122
4355
4587
4819
5052
5286
5519
5753
5987
6219
6452
6684
6915
7146
7375
7605
7836
8068
8300
8532
8765
8997
9229
9461
9691
9921
10149
10379
10610
10841
11073
11305
11537
11769
12000
12231
12460
12689
12917
13145
13374
13604
13834
14065
14295
14526
14756
14985
15214
15442
15670
15900
16131
16363
211
444
677
911
1144
1376
1608
1840
2073
2308
2544
2779
3015
3252
3488
3723
3958
4192
4424
4656
4889
5122
5355
5589
5823
6056
6289
6522
6754
6985
7215
7444
7674
7905
8137
8369
8601
8834
9066
9298
9529
9760
9989
10218
10448
10679
10910
11142
11374
11606
11838
12069
12300
12529
12758
12985
13214
13443
13673
13903
14134
14364
14594
14824
15054
15282
15511
15740
15971
16202
50
283
516
749
982
1215
1448
1680
1912
2146
2381
2617
2853
3089
3325
3561
3796
4031
4264
4496
4728
4961
5195
5429
5663
5897
6130
6362
6595
6827
7057
7287
7517
7747
7979
8211
8443
8676
8908
9140
9372
9603
9833
10062
10291
10521
10753
10984
11217
11449
11681
11912
12143
12373
12602
12830
13058
13287
13517
13747
13977
14208
14439
14669
14898
15127
15356
15584
15813
16044
16275
123
356
589
822
1056
1288
1520
1752
1984
2219
2454
2690
2926
3162
3398
3634
3868
4103
4335
4567
4799
5032
5266
5500
5733
5967
6200
6433
6665
6896
7127
7356
7585
7816
8048
8280
8512
8745
8977
9209
9441
9672
9901
10130
10360
10590
10822
11054
11286
11518
11750
11981
12212
12442
12671
12898
13126
13355
13585
13815
14045
14275
14505
14743
15004
15274
15539
15793
16034
16262
93
300
498
690
878
1064
1248
1432
1618
1807
1999
2194
2391
2590
2790
2991
3193
3396
3598
3801
4005
4209
4412
4616
4820
5025
5231
5438
5646
5854
6062
6270
6479
6688
6898
7107
7316
7526
7736
7948
8162
8376
8590
8805
9021
9236
9452
9669
9885
10101
10317
10538
10767
11006
11258
11526
11811
12115
12437
12775
13125
13479
13829
14168
14493
14801
15089
15358
15608
15842
16063
16271
86
278
464
646
825
1002
1179
1357
1537
1720
1904
2090
2278
2467
2656
2846
3036
3227
3418
3610
3801
3993
4185
4377
4570
4764
4958
5154
5349
5545
5741
5937
6133
6329
6525
6721
6917
7113
7310
7509
7713
7926
8148
8382
8630
8894
9174
9471
9783
10108
10440
10775
11105
11425
11734
12035
12329
12617
12900
13178
13453
13724
13991
14252
14503
14743
14973
15193
15403
15604
15796
15980
16158
16330
113
277
437
596
754
911
1069
1227
1387
1549
1713
1877
2042
2208
2374
2541
2709
2876
3044
3213
3381
3550
3720
3890
4060
4230
4401
4573
4745
4918
5091
5264
5438
5613
5787
5962
6136
6312
6487
6663
6840
7016
7194
7376
7563
7758
7962
8179
8409
8656
8920
9203
9505
9823
10154
10492
10825
11150
11467
11780
12088
12392
12689
12976
13250
13517
13778
14033
14281
14522
14754
14978
15193
15399
15598
15789
15973
16150
16322
104
267
427
585
742
899
1057
1215
1376
1538
1702
1866
2031
2197
2364
2531
2699
2867
3036
3205
3374
3544
3714
3885
4056
4228
4401
4575
4750
4924
5099
5275
5451
5628
5804
5982
6159
6338
6517
6696
6876
7058
7244
7436
7638
7853
8083
8331
8602
8897
9216
9553
9899
10245
10587
10921
11247
11567
11884
12195
12500
12791
13069
13336
13596
13851
14102
14347
14585
14816
15039
15253
15459
15658
15849
16034
16212
1
168
333
494
654
814
974
1136
1299
1464
1629
1796
1963
2131
2300
2470
2640
2810
2981
3152
3324
3496
3669
3842
4015
4190
4365
4541
4718
4895
5073
5251
5429
5608
5787
5967
6148
6329
6510
6692
6876
7061
7252
7450
7659
7882
8121
8381
8664
8972
9303
9645
9990
10334
10672
11003
11326
11645
11959
12269
12570
12857
13131
13395
13653
13907
14155
14399
14635
14864
15085
15297
15502
15699
15889
16073
16250
38
206
370
532
693
854
1015
1178
1342
1508
1675
1843
2011
2181
2351
2522
2693
2864
3036
3209
3382
3555
3729
3904
4078
4254
4432
4609
4787
4966
5146
5326
5506
5686
5867
6049
6231
6414
6597
6782
6967
7157
7353
7559
7777
8011
8264
8540
8841
9166
9507
9854
10201
10544
10879
11206
11528
11846
12159
12466
12760
13039
13309
13571
13827
14080
14327
14568
14801
15026
15243
15453
15654
15848
16036
16216
8
178
345
509
672
835
998
1163
1330
1498
1667
1838
2009
2181
2353
2526
2700
2873
3048
3223
3398
3574
3751
3928
4106
4284
4464
4645
4826
5007
5189
5371
5554
5737
5920
6105
6289
6475
6661
6847
7036
7230
7431
7643
7869
8111
8375
8662
8976
9311
9659
10010
10360
10703
11039
11367
11690
12009
12322
12626
12915
13192
13460
13722
13979
14232
14478
14718
14949
15172
15387
15594
15794
15986
16172
16351
142
313
481
647
813
979
1147
1316
1487
1659
1832
2006
2181
2357
2533
2709
2887
3064
3242
3421
3600
3779
3960
4140
4322
4505
4688
4872
5057
5242
5427
5613
5799
5986
6173
6361
6549
6738
6929
7122
7322
7531
7752
7988
8244
8522
8827
9156
9503
9858
10213
10563
10906
11241
11569
11893
12212
12524
12822
13106
13380
13647
13909
14166
14418
14662
14899
15127
15347
15558
15762
15959
16149
16332
125
299
470
639
808
977
1147
1320
1494
1669
1845
2022
2200
2378
2557
2737
2917
3097
3278
3459
3641
3824
4007
4191
4376
4561
4748
4935
5123
5311
5499
5688
5877
6067
6257
6448
6640
6832
7027
7226
7433
7651
7883
8133
8404
8700
9022
9365
9721
10080
10436
10785
11125
11458
11787
12110
12427
12733
13024
13304
13576
13842
14104
14360
14609
14850
15083
15307
15523
15731
15931
16124
16311
108
284
458
630
801
972
1145
1320
1496
1674
1852
2031
2212
2393
2574
2756
2939
3121
3305
3489
3674
3858
4044
4231
4418
4607
4796
4985
5175
5366
5557
5748
5940
6132
6325
6519
6713
6909
7107
7311
7524
7749
7990
8249
8532
8840
9174
9525
9886
10248
10603
10951
11290
11624
11952
12274
12590
12890
13178
13456
13728
13994
14256
14511
14758
14997
15227
15448
15661
15867
16064
16255
56
236
412
586
759
933
1107
1283
1461
1640
1821
2002
2184
2367
2550
2734
2919
3104
3289
3475
3662
3849
4036
4225
4414
4605
4796
4987
5179
5372
5564
5758
5951
6146
6341
6536
6733
6930
7130
7336
7551
7779
8017
