1651 9 b000 1 4718 9
271
278
269
243
202
150
87
20
-48
-113
-172
-220
-254
-274
-275
-260
-229
-184
-128
-64
4
72
134
190
234
264
277
274
254
219
171
112
46
-21
-88
-150
-202
-241
-267
-277
-268
-243
-203
-150
-89
-21
46
113
172
220
254
274
278
264
234
191
135
71
3
-64
-128
-186
-229
-259
-274
-273
-254
-220
-171
-113
-48
20
88
149
202
242
267
277
270
247
209
157
97
30
-38
-105
-165
-214
-250
-271
-275
-263
-234
-191
-136
-73
-5
62
127
183
229
260
277
276
258
225
178
120
55
-13
-80
-143
-198
-239
-266
-276
-269
-246
-209
-158
-98
-31
36
102
161
212
249
272
277
266
239
197
143
80
12
-55
-119
-178
-224
-256
-273
-273
-256
-224
-179
-122
-57
10
77
140
194
237
266
277
273
251
215
165
105
39
-29
-96
-157
-208
-245
-270
-276
-266
-239
-198
-144
-83
-16
52
117
174
221
256
274
276
261
230
185
129
65
-3
-71
-135
-190
-233
-262
-275
-271
-251
-215
-166
-107
-41
26
94
154
205
244
269
278
268
244
204
151
89
22
-46
-111
-171
-220
-254
-273
-275
-260
-230
-186
-130
-66
0
67
132
187
232
262
276
273
255
220
172
114
48
-19
-86
-149
-202
-243
-268
-276
-268
-243
-204
-152
-91
-24
42
108
168
216
251
273
276
263
235
192
137
73
4
-63
-128
-184
-229
-260
-275
-274
-255
-221
-173
-115
-50
18
84
146
198
239
266
278
271
248
210
159
99
31
-36
-103
-163
-212
-250
-271
-276
-264
-235
-192
-138
-75
-7
59
124
180
226
257
275
274
258
226
180
122
57
-10
-79
-142
-196
-239
-266
-277
-271
-248
-210
-160
-100
-34
35
101
161
211
248
270
276
267
240
199
145
83
16
-53
-118
-177
-224
-255
-274
-274
-259
-226
-180
-123
-59
8
75
138
192
236
263
276
272
251
216
166
107
41
-26
-94
-155
-207
-247
-270
-277
-267
-240
-199
-146
-84
-17
50
116
174
221
256
274
276
261
231
187
131
67
0
-68
-132
-188
-233
-262
-275
-272
-251
-216
-167
-108
-43
24
91
152
205
244
268
276
268
244
205
153
92
25
-42
-108
-168
-217
-253
-273
-276
-262
-232
-188
-132
-68
0
67
130
186
230
262
276
274
256
222
174
116
51
-16
-85
-147
-199
-240
-267
-276
-269
-245
-206
-154
-93
-26
42
107
167
215
251
272
277
264
236
193
139
76
8
-59
-123
-181
-227
-258
-275
-273
-256
-222
-175
-117
-51
16
83
145
199
240
267
277
271
249
211
161
100
34
-33
-99
-160
-210
-249
-270
-275
-264
-236
-194
-139
-74
1
79
151
210
251
274
278
271
253
224
185
135
79
19
-42
-102
-158
-207
-244
-268
-279
-274
-254
-220
-172
-111
-39
38
117
187
240
272
286
283
268
242
206
159
102
39
-25
-89
-148
-202
-245
-275
-289
-286
-266
-230
-179
-114
-37
46
129
202
257
289
301
294
274
242
200
146
83
15
-54
-119
-181
-234
-275
-299
-306
-294
-265
-221
-160
-86
-1
86
168
237
287
313
319
306
280
242
194
134
65
-7
-78
-147
-207
-259
-296
-318
-322
-307
-273
-223
-158
-78
10
102
186
256
305
330
334
320
291
250
198
134
62
-14
-89
-160
-223
-277
-316
-337
-338
-317
-273
-207
-125
-32
59
143
216
274
318
345
354
345
320
282
233
174
105
29
-47
-122
-192
-254
-306
-344
-361
-358
-332
-283
-211
-121
-22
74
162
238
299
344
371
378
365
334
291
237
171
96
13
-70
-150
-223
-289
-342
-378
-390
-377
-338
-274
-187
-82
28
133
222
294
350
389
408
402
374
330
275
207
128
39
-52
-141
-222
-295
-356
-401
-421
-413
-376
-312
-224
-117
0
113
214
295
358
406
434
437
415
372
314
245
164
72
-27
-126
-216
-295
-361
-416
-447
-450
-421
-362
-278
-173
-53
70
185
279
355
411
451
469
460
423
368
299
220
127
25
-81
-181
-271
-348
-415
-463
-484
-470
-422
-347
-247
-128
1
129
242
330
400
454
489
497
474
425
359
281
191
89
-22
-134
-235
-324
-400
-461
-501
-506
-476
-410
-319
-205
-74
63
191
298
382
447
496
520
512
474
415
340
252
151
39
-76
-189
-289
-377
-452
-505
-524
-511
-464
-383
-277
-150
-14
120
243
348
424
484
520
523
501
456
392
309
214
106
-7
-123
-235
-335
-419
-481
-516
-523
-496
-436
-344
-227
-95
40
170
287
384
457
504
524
517
486
433
361
274
173
61
-53
-168
-276
-372
-447
-499
-523
-516
-476
-402
-299
-175
-39
95
220
329
415
479
516
525
507
467
406
327
233
127
13
-103
-216
-319
-407
-473
-513
-524
-503
-448
-360
-247
-117
18
150
269
370
447
498
523
520
492
443
374
288
188
78
-37
-153
-263
-360
-439
-494
-521
-518
-482
-412
-312
-190
-56
78
205
316
406
470
513
525
511
473
414
337
244
139
25
-91
-205
-310
-398
-468
-510
-524
-505
-453
-368
-257
-128
7
140
260
362
438
494
522
521
495
447
379
293
194
84
-31
-148
-258
-357
-436
-493
-521
-519
-483
-414
-315
-193
-59
75
203
315
403
466
512
525
511
473
415
336
244
138
24
-92
-207
-312
-398
-467
-511
-524
-504
-450
-364
-252
-122
13
145
265
366
439
493
522
521
493
444
373
286
187
76
-40
-157
-267
-361
-438
-496
-522
-517
-478
-404
-302
-180
-45
89
215
325
408
470
514
525
508
467
406
324
230
124
8
-109
-222
-324
-406
-472
-515
-523
-498
-438
-346
-230
-99
37
167
284
380
447
495
524
517
485
432
356
267
166
52
-65
-181
-289
-375
-448
-503
-524
-511
-464
-381
-274
-148
-11
122
244
350
422
478
516
523
499
453
384
299
202
93
-24
-142
-254
-348
-422
-482
-520
-519
-483
-412
-311
-190
-55
80
207
318
402
461
502
524
509
469
407
325
232
127
10
-108
-222
-321
-401
-465
-511
-523
-496
-435
-340
-225
-94
42
173
289
382
445
492
518
516
482
427
349
257
156
42
-77
-193
-300
-383
-447
-497
-521
-506
-454
-366
-255
-128
9
142
263
364
432
479
511
519
492
442
367
279
180
69
-51
-169
-278
-363
-433
-487
-518
-513
-468
-386
-279
-155
-18
116
240
346
418
469
504
518
499
453
383
296
199
91
-27
-148
-260
-350
-420
-474
-509
-514
-477
-402
-298
-177
-43
94
221
331
408
462
497
514
505
461
395
309
214
108
-8
-131
-244
-336
-409
-465
-505
-514
-484
-412
-311
-192
-60
78
207
319
400
454
491
512
506
467
403
319
224
120
4
-118
-233
-328
-402
-458
-498
-511
-487
-420
-322
-204
-74
63
196
310
394
450
486
507
504
471
409
325
231
128
13
-108
-225
-324
-398
-454
-494
-509
-487
-424
-326
-210
-80
56
191
305
392
447
484
504
503
-62
4
72
135
190
235
264
277
273
253
217
167
108
42
-26
-92
-153
-205
-245
-269
-277
-268
-241
-202
-149
-87
-20
47
112
170
218
253
273
276
262
231
187
132
67
0
-68
-131
-187
-232
-261
-276
-273
-254
-218
-170
-111
-46
22
89
150
202
243
268
277
269
245
206
154
93
26
-42
-108
-168
-216
-250
-272
-275
-263
-233
-190
-135
-72
-5
63
127
184
228
259
275
274
256
222
174
116
51
-16
-84
-146
-198
-239
-265
-276
-269
-246
-207
-156
-96
-29
38
104
164
213
250
272
277
265
237
194
139
76
8
-58
-123
-179
-225
-258
-274
-273
-256
-223
-177
-120
-55
12
79
141
195
237
266
277
272
249
212
161
101
35
-32
-98
-158
-209
-247
-269
-275
-264
-238
-196
-143
-80
-13
55
119
177
224
257
275
275
259
227
182
125
60
-7
-76
-138
-191
-234
-262
-274
-271
-250
-213
-164
-105
-40
28
94
155
206
245
269
277
268
241
200
147
85
18
-50
-115
-172
-220
-254
-272
-274
-260
-229
-184
-128
-65
2
70
134
189
235
263
276
273
253
218
168
109
44
-24
-90
-153
-204
-243
-268
-275
-266
-242
-202
-150
-89
-23
43
110
168
217
252
272
276
262
233
188
133
69
1
-66
-129
-185
-229
-259
-274
-271
-253
-219
-171
-114
-48
18
85
148
200
242
268
278
271
246
207
155
94
27
-41
-107
-166
-215
-251
-271
-276
-262
-234
-191
-137
-74
-6
61
125
181
227
258
276
275
257
223
176
118
53
-14
-83
-145
-196
-238
-266
-276
-269
-246
-209
-158
-99
-32
34
100
161
211
248
271
277
266
238
196
141
78
10
-57
-122
-179
-225
-257
-273
-274
-257
-225
-179
-122
-58
8
76
139
193
235
264
276
272
250
213
163
103
37
-31
-98
-158
-209
-247
-269
-276
-265
-238
-197
-144
-83
-16
51
115
174
221
255
273
275
260
229
183
126
61
-6
-73
-136
-191
-234
-262
-275
-271
-251
-215
-166
-107
-41
26
91
153
204
243
268
276
267
242
202
149
87
20
-47
-112
-170
-219
-254
-272
-275
-260
-230
-186
-130
-67
0
66
129
185
231
261
275
273
254
219
171
112
45
-22
-90
-152
-204
-243
-268
-277
-268
-244
-204
-153
-91
-25
42
108
166
215
251
271
275
263
234
190
135
71
4
-64
-128
-184
-229
-259
-274
-273
-255
-221
-173
-116
-51
16
83
145
198
239
266
276
269
246
208
157
96
29
-38
-105
-165
-215
-251
-272
-276
-264
-235
-193
-138
-76
-9
58
123
180
226
258
275
274
257
224
178
120
55
-12
-79
-143
-196
-238
-266
-277
-266
-234
-185
-125
-62
-1
56
110
162
207
244
269
280
276
260
230
188
136
76
12
-52
-115
-175
-224
-260
-281
-281
-260
-217
-159
-93
-26
34
92
146
197
240
271
288
289
275
247
206
153
90
21
-47
-116
-179
-233
-272
-292
-291
-266
-219
-154
-82
-10
56
117
172
221
263
292
304
300
278
243
194
132
63
-10
-82
-152
-214
-265
-299
-313
-301
-265
-208
-137
-60
14
82
144
200
249
289
316
324
313
286
244
189
123
49
-28
-104
-175
-236
-285
-318
-329
-314
-274
-212
-137
-56
22
94
159
217
268
307
334
340
327
298
252
194
123
45
-38
-123
-203
-273
-323
-349
-346
-319
-274
-213
-143
-66
11
85
152
212
264
309
343
360
358
338
302
251
188
113
30
-56
-144
-228
-298
-348
-372
-365
-333
-283
-217
-140
-56
28
107
176
237
291
337
371
387
380
353
310
251
178
93
0
-95
-189
-276
-347
-392
-403
-382
-333
-267
-189
-100
-6
85
165
235
295
348
390
415
415
391
347
287
211
121
21
-83
-185
-279
-357
-411
-433
-420
-376
-309
-229
-138
-38
62
155
233
301
358
405
438
449
433
391
329
253
162
58
-52
-162
-265
-352
-419
-458
-462
-429
-367
-288
-196
-94
13
118
210
287
352
408
454
478
474
441
386
313
224
121
5
-112
-225
-326
-408
-468
-493
-479
-429
-354
-265
-164
-53
61
168
259
333
397
451
491
507
490
443
375
290
189
73
-50
-174
-286
-383
-460
-508
-517
-484
-418
-331
-232
-122
-3
114
219
307
381
444
496
523
519
489
429
349
253
139
15
-114
-239
-349
-441
-502
-524
-510
-464
-391
-296
-189
-73
45
158
260
349
418
477
514
525
510
469
403
314
208
88
-38
-167
-290
-394
-472
-515
-522
-495
-439
-357
-257
-145
-27
90
199
296
378
446
496
521
522
497
446
370
273
160
37
-91
-219
-336
-430
-494
-522
-515
-476
-408
-318
-212
-97
21
136
240
333
409
470
509
525
515
478
416
331
226
108
-17
-147
-272
-380
-462
-511
-524
-502
-450
-372
-274
-164
-46
71
182
282
368
437
490
519
524
502
454
381
287
175
53
-76
-204
-323
-420
-488
-521
-518
-482
-418
-330
-226
-112
6
122
228
322
399
463
506
524
517
483
423
339
236
119
-7
-137
-262
-372
-456
-508
-524
-505
-455
-379
-282
-173
-55
62
174
275
362
430
488
518
524
503
456
384
290
179
56
-72
-202
-320
-418
-487
-521
-518
-483
-419
-332
-228
-114
4
120
227
322
397
459
506
524
517
482
422
336
233
115
-11
-142
-267
-375
-457
-509
-524
-503
-452
-375
-277
-168
-50
68
180
280
363
430
487
519
523
501
452
375
280
168
44
-85
-214
-329
-423
-492
-522
-516
-478
-411
-320
-216
-101
17
133
239
332
404
462
508
525
513
475
409
321
215
95
-32
-163
-286
-388
-466
-514
-523
-497
-440
-358
-258
-147
-28
89
200
298
376
438
489
522
521
492
437
354
256
141
14
-116
-243
-352
-439
-501
-524
-510
-464
-391
-294
-188
-71
48
162
265
350
416
470
512
524
505
459
384
290
181
57
-73
-203
-320
-412
-480
-521
-518
-481
-416
-326
-222
-109
11
128
235
327
396
453
499
524
514
475
407
318
213
94
-35
-167
-289
-387
-462
-513
-522
-495
-437
-353
-251
-141
-23
97
207
305
379
437
484
517
519
488
428
342
241
126
-2
-134
-261
-365
-444
-498
-523
-504
-453
-376
-276
-168
-52
69
183
284
363
424
472
509
522
497
443
360
263
151
25
-107
-236
-345
-428
-489
-521
-511
-466
-393
-296
-190
-76
44
161
265
350
412
463
502
520
503
455
377
281
172
50
-83
-214
-329
-415
-478
-512
-515
-475
-407
-313
-207
-95
24
144
250
338
403
454
493
515
507
462
387
294
187
67
-64
-197
-313
-403
-469
-510
-518
-482
-416
-324
-220
-109
9
130
239
329
396
448
489
514
510
469
396
304
198
80
-50
-184
-303
-396
-463
-501
-512
-486
-423
-332
-229
-118
-1
119
232
324
392
443
482
508
507
471
401
309
204
87
-42
-176
-297
-391
-458
-499
-512
-488
-426
-337
-233
-123
-7
114
6400
8938
10928
12248
12829
12628
11651
9964
7674
4912
1848
-1327
-4416
-7239
-9622
-11413
-12506
-12843
-12395
-11187
-9297
-6848
-3976
-859
2309
5331
8034
10247
11829
12694
12789
12100
10668
8592
5989
3017
-142
-3285
-6229
-8795
-10823
-12185
-12808
-12653
-11723
-10075
-7824
-5094
-2048
1124
4223
7068
9485
11320
12465
12856
12460
11298
9452
7030
4175
1063
-2110
-5150
-7879
-10128
-11754
-12664
-12807
-12165
-10777
-8738
-6170
-3221
-72
3078
6037
8633
10700
12110
12789
12689
11809
10207
7991
5282
2247
-927
-4038
-6906
-9353
-11226
-12410
-12845
-12496
-11380
-9569
-7186
-4361
-1266
1905
4955
7708
9993
11664
12628
12828
12241
10902
8904
6361
3427
280
-2877
-5859
-8486
-10594
-12051
-12776
-12727
-11897
-10338
-8155
-5478
-2463
704
3824
6711
9192
11109
12346
12838
12546
11484
9723
7373
4569
1484
-1691
-4759
-7541
-9863
-11579
-12585
-12832
-12295
-11002
-9041
-6536
-3629
-497
2661
5653
8306
10452
11956
12739
12749
11976
10470
8332
5681
2679
-487
-3618
-6530
-9045
-11007
-12291
-12832
-12593
-11581
-9861
-7549
-4774
-1705
1468
4546
7349
9706
11467
12529
12834
12353
11113
9201
6729
3841
716
-2449
-5462
-8146
-10333
-11885
-12713
-12770
-12045
-10579
-8477
-5860
-2881
277
3412
6338
8882
10881
12214
12812
12629
11669
9999
7726
4976
1916
-1261
-4355
-7187
-9582
-11388
-12496
-12850
-12419
-11225
-9347
-6910
-4046
-932
2237
5265
7975
10199
11796
12678
12792
12120
10705
8645
6056
3094
-60
-3206
-6156
-8733
-10776
-12158
-12802
-12668
-11758
-10125
-7884
-5162
-2122
1050
4152
7003
9429
11276
12434
12843
12469
11327
9501
7098
4258
1153
-2020
-5068
-7811
-10078
-11725
-12656
-12822
-12204
-10836
-8813
-6257
-3314
-168
2984
5954
8563
10649
12080
12782
12707
11850
10271
8071
5375
2348
-823
-3937
-6815
-9279
-11175
-12384
-12845
-12523
-11433
-9645
-7276
-4460
-1368
1807
4865
7631
9933
11624
12607
12829
12265
10948
8972
6450
3529
389
-2769
-5758
-8402
-10533
-12016
-12769
-12747
-11943
-10406
-8244
-5579
-2569
599
3725
6624
9122
11060
12321
12839
12573
11534
9794
7463
4671
1591
-1585
-4659
-7452
-9791
-11529
-12562
-12835
-12323
-11055
-9115
-6626
-3727
-597
2567
5571
8240
10405
11929
12732
12763
12010
10521
8399
5763
2773
-388
-3520
-6439
-8969
-10952
-12261
-12830
-12619
-11633
-9932
-7636
-4871
-1806
1371
4457
7276
9652
11435
12520
12850
12395
11177
9284
6825
3948
827
-2340
-5363
-8063
-10269
-11844
-12699
-12784
-12088
-10649
-8566
-5964
-2994
160
3303
6243
8806
10830
12188
12810
12653
11718
10068
7811
5073
2024
-1147
-4242
-7083
-9493
-11322
-12457
-12841
-12442
-11279
-9428
-7009
-4156
-1047
2125
5161
7888
10134
11757
12665
12807
12165
10775
8736
6162
3209
58
-3088
-6048
-8642
-10707
-12113
-12785
-12679
-11796
-10191
-7972
-5266
-2234
935
4042
6905
9349
11220
12405
12841
12491
11373
9566
7178
4348
1249
-1922
-4972
-7722
-10002
-11667
-12621
-12813
-12222
-10880
-8879
-6342
-3412
-269
2888
5865
8490
10595
12049
12775
12724
11892
10332
8150
5468
2449
-721
-3840
-6728
-9206
-11120
-12351
-12836
-12538
-11394
-9418
-6695
-3391
268
4047
7696
10985
13715
15727
16904
17199
16619
15210
13067
10307
7077
3552
-83
-3632
-6904
-9733
-11970
-13496
-14233
-14147
-13199
-11403
-8831
-5626
-1960
1944
5830
9444
12558
14986
16590
17278
17037
15920
14000
11405
8288
4823
1202
-2379
-5722
-8644
-10991
-12636
-13493
-13520
-12685
-10988
-8505
-5387
-1806
2031
5859
9414
12463
14814
16326
16910
16562
15332
13304
10616
7417
3889
231
-3355
-6666
-9526
-11772
-13281
-13973
-13807
-12743
-10801
-8095
-4782
-1045
2907
6801
10375
13398
15682
17091
17548
17065
15690
13521
10692
7357
3703
-68
-3749
-7134
-10048
-12327
-13846
-14527
-14324
-13198
-11177
-8391
-5003
-1196
2839
6826
10493
13605
15968
17439
17941
17487
16122
13942
11086
7708
3999
162
-3589
-7069
-10126
-12587
-14280
-15096
-14986
-13968
-12043
-9237
-5661
-1502
2984
7468
11656
15296
18182
20155
21112
21041
19986
18016
15252
11858
8014
3924
-200
-4152
-7746
-10839
-13272
-14881
-15586
-15359
-14227
-12220
-9362
-5752
-1568
2958
7512
11765
15449
18350
20303
21203
21037
19868
17780
14901
11408
7496
3381
-721
-4599
-8074
-11004
-13211
-14553
-14978
-14479
-13100
-10870
-7824
-4083
155
4653
9081
13114
16490
19003
20502
20916
20276
18649
16137
12905
9140
5051
865
-3198
-6934
-10191
-12770
-14501
-15312
-15177
-14129
-12215
-9454
-5936
-1830
2639
7213
11536
15315
18309
20335
21277
21129
19940
17788
14813
11194
7134
2856
-1412
-5448
-9082
-12113
-14332
-15640
-15990
-15389
-13900
-11545
-8370
-4502
-139
4483
9092
13330
16915
19624
21286
21829
21280
19690
17162
13859
9971
5715
1323
-2973
-6963
-10477
-13270
-15188
-16157
-16153
-15215
-13402
-10733
-7279
-3194
1307
5986
10558
14667
18038
20456
21769
21946
21028
19080
16231
12658
8564
4178
-262
-4520
-8414
-11721
-14214
-15787
-16385
-16012
-14733
-12586
-9603
-5886
-1612
2991
7680
12153
16056
19126
21164
22055
21813
20478
18137
14952
11104
6816
2328
-2118
-6296
-10018
-13022
-15150
-16318
-16500
-15729
-14074
-11557
-8235
-4245
210
4893
9557
13856
17473
20170
21766
22199
21499
19725
17004
13506
9427
4996
462
-3924
-7966
-11439
-14106
-15854
-16618
-16398
-15257
-13246
-10387
-6770
-2559
2025
6740
11319
15397
18695
20988
22131
22116
20982
18806
15740
11965
7694
3169
-1356
-5643
-9507
-12682
-14990
-16340
-16696
-16084
-14578
-12206
-9014
-5121
-720
3952
8654
13076
16871
19784
21618
22280
21792
20203
17623
14225
10202
5780
1209
-3255
-7401
-11009
-13830
-15737
-16660
-16588
-15578
-13691
-10950
-7431
-3288
1263
5983
10619
14813
18262
20732
22061
22218
21241
19199
16234
12528
8290
3761
-805
-5162
-9118
-12406
-14837
-16312
-16789
-16287
-14877
-12599
-9490
-5664
-1303
3359
8079
12572
16470
19508
21482
22280
21916
20437
17946
14610
10621
6208
1620
-2886
-7089
-10769
-13671
-15662
-16667
-16672
-15729
-13903
-11219
-7748
-3640
896
5617
10275
14525
18044
20593
21999
22226
21307
19310
16376
12689
8455
3919
-666
-5047
-9033
-12351
-14811
-16313
-16811
-16326
-14930
-12662
-9563
-5743
-1384
3281
8006
12511
16426
19479
21460
22259
21892
20401
17892
14539
10531
6098
1494
-3023
-7230
-10898
-13776
-15735
-16704
-16669
-15686
-13820
-11096
-7589
-3450
1106
5836
10487
14715
18194
20688
22027
22182
21187
19111
16107
12360
8080
3518
-1072
-5441
-9386
-12635
-15010
-16416
-16813
-16229
-14739
-12377
-9190
-5296
-886
3802
8521
12981
16813
19753
21595
22247
21731
20092
17449
13982
9887
5401
782
-3711
-7866
-11427
-14167
-15968
-16768
-16564
-15423
-13401
-10527
-6890
-2656
1955
6694
11301
15414
18726
21009
22116
22039
20813
18524
15339
11447
7075
2475
-2095
-6398
-10213
-13271
-15426
-16593
-16749
-15934
-14224
-11647
-8265
-4217
290
5014
9702
14034
17657
20321
21843
22172
21336
19397
16495
12818
8575
4017
-598
-5016
-9029
-12358
-14817
-16310
-16791
-16279
-14847
-12540
-9401
-5545
-1158
3525
8252
12740
16611
19593
21477
22162
21669
20045
17406
13932
9826
5332
706
-3790
-7944
-11491
-14210
-15985
-16752
-16511
-15330
-13264
-10347
-6671
-2406
2224
6966
11557
15627
18873
21066
22069
21887
20554
18164
14888
10922
6497
1871
-2688
-6953
-10683
-13621
-15636
-16653
-16653
-15690
-13832
-11111
-7603
-3460
1106
5847
10503
14730
18190
20644
21924
22006
20921
18748
15646
11808
7455
2849
-1749
-6092
-9959
-13076
-15291
-16517
-16724
-15951
-14274
-11723
-8361
-4327
178
4907
9603
13948
17580
20243
21752
22059
21191
19211
16264
12542
8261
3675
-953
-5361
-9338
-12600
-14977
-16374
-16751
-16132
-14596
-12181
-8941
-5001
-556
4154
8873
13299
17058
19884
21574
22059
21360
19531
16706
13076
8857
4296
-343
-4796
-8846
-12215
-14712
-16237
-16742
-16243
-14817
-12508
-9363
-5498
-1099
3595
8329
12811
16662
19603
21425
22039
21465
19753
17025
13467
9293
4749
100
-4386
-8493
-11940
-14524
-16141
-16739
-16325
-14970
-12729
-9645
-5831
-1467
3214
7955
12471
16379
19395
21304
22004
21509
19868
17198
13683
9536
5005
354
-4146
-8280
-11768
-14399
-16066
-16714
-16345
-15033
-12832
-9784
-5998
-1652
3021
7766
12292
-11216
-9320
-6852
-3971
-855
2310
5333
8028
10230
11808
12660
12728
12024
10585
8496
5881
2907
-244
-3387
-6325
-8879
-10897
-12257
-12869
-12693
-11753
-10102
-7833
-5088
-2042
1127
4226
7065
9469
11295
12429
12793
12374
11202
9343
6907
4045
940
-2227
-5264
-7980
-10213
-11831
-12732
-12854
-12198
-10807
-8758
-6171
-3216
-70
3081
6042
8630
10689
12095
12755
12629
11737
10127
7893
5170
2135
-1031
-4142
-7001
-9435
-11299
-12479
-12897
-12529
-11407
-9592
-7191
-4354
-1261
1908
4959
7705
9978
11642
12591
12760
12153
10803
8790
6232
3292
154
-2999
-5973
-8585
-10677
-12125
-12835
-12760
-11917
-10356
-8163
-5470
-2452
711
3833
6718
9191
11101
12332
12800
12482
11407
9634
7266
4448
1363
-1809
-4875
-7646
-9952
-11659
-12658
-12883
-12325
-11026
-9058
-6535
-3619
-490
2668
5661
8305
10442
11941
12705
12684
11892
10373
8217
5551
2546
-614
-3742
-6643
-9142
-11088
-12365
-12887
-12622
-11599
-9874
-7548
-4763
-1697
1473
4553
7352
9700
11457
12511
12790
12287
11036
9109
6619
3721
599
-2564
-5576
-8248
-10420
-11964
-12780
-12815
-12075
-10606
-8492
-5859
-2878
275
3411
6336
8870
10862
12190
12766
12557
11586
9904
7611
4847
1790
-1379
-4471
-7291
-9668
-11461
-12561
-12891
-12438
-11237
-9354
-6899
-4029
-923
2240
5267
7970
10185
11780
12649
12737
12049
10627
8551
5944
2974
-175
-3320
-6266
-8832
-10862
-12236
-12864
-12705
-11782
-10146
-7892
-5155
-2115
1051
4153
6999
9414
11255
12405
12789
12390
11239
9399
6977
4123
1021
-2148
-5190
-7919
-10167
-11802
-12720
-12858
-12218
-10842
-8807
-6234
-3288
-149
2998
5960
8557
10632
12059
12742
12641
11772
10183
7967
5257
2226
-942
-4057
-6927
-9376
-11260
-12463
-12904
-12557
-11456
-9659
-7274
-4448
-1360
1810
4869
7626
9916
11601
12574
12769
12186
10861
8870
6329
3400
264
-2894
-5879
-8507
-10620
-12092
-12829
-12779
-11959
-10415
-8236
-5556
-2547
613
3736
6628
9111
11040
12294
12789
12501
11454
9705
7356
4551
1472
-1702
-4777
-7564
-9890
-11619
-12645
-12896
-12364
-11088
-9138
-6629
-3723
-598
2563
5566
8226
10381
11902
12690
12695
11930
10436
8300
5648
2653
-504
-3637
-6551
-9067
-11035
-12337
-12885
-12644
-11643
-9937
-7622
-4844
-1781
1387
4471
7278
9639
11412
12485
12787
12309
11084
9180
6707
3820
702
-2465
-5486
-8176
-10370
-11938
-12781
-12840
-12122
-10674
-8577
-5955
-2979
173
3313
6249
8800
10813
12166
12767
12583
11636
9977
7705
4954
1904
-1266
-4363
-7196
-9593
-11411
-12539
-12900
-12474
-11298
-9437
-6998
-4136
-1030
2136
5171
7886
10117
11732
12626
12739
12078
10681
8629
6044
3089
-55
-3203
-6160
-8743
-10797
-12200
-12860
-12731
-11834
-10222
-7986
-5264
-2232
935
4043
6902
9335
11198
12376
12789
12419
11293
9474
7073
4233
1139
-2030
-5080
-7822
-10088
-11747
-12692
-12861
-12249
-10900
-8887
-6330
-3393
-256
2896
5870
8482
10574
12020
12726
12646
11801
10233
8036
5342
2325
-835
-3952
-6832
-9297
-11202
-12430
-12898
-12578
-11502
-9728
-7358
-4542
-1459
1710
4775
7545
9852
11558
12554
12773
12214
10911
8938
6413
3492
362
-2826
-5968
-8877
-11332
-13149
-14204
-14396
-13687
-12108
-9751
-6759
-3315
344
3991
7417
10439
12898
14670
15665
15829
15161
13717
11582
8877
5751
2380
-1070
-4464
-7642
-10420
-12593
-14020
-14621
-14327
-13132
-11100
-8357
-5070
-1440
2277
5843
9053
11732
13741
14979
15386
14944
13689
11712
9136
6110
2806
-591
-3943
-7095
-9852
-12007
-13417
-14008
-13709
-12505
-10459
-7698
-4393
-760
2935
6455
9594
12178
14071
15169
15415
14797
13370
11226
8492
5326
1911
-1584
-5016
-8203
-10917
-12963
-14236
-14660
-14168
-12756
-10498
-7532
-4039
-258
3543
7136
10314
12908
14783
15841
16022
15321
13801
11555
8712
5434
1911
-1696
-5239
-8516
-11287
-13369
-14663
-15100
-14614
-13196
-10914
-7904
-4350
-495
3390
7070
10336
13012
14964
16089
16325
15668
14151
11784
8641
4922
875
-3276
-7334
-11098
-14343
-16845
-18429
-19004
-18539
-17049
-14616
-11377
-7515
-3252
1133
5385
9282
12626
15261
17071
17977
17948
16999
15184
12529
9117
5174
964
-3292
-7404
-11196
-14457
-16972
-18564
-19125
-18635
-17117
-14649
-11370
-7467
-3163
1252
5507
9369
12643
15170
16839
17579
17370
16244
14256
11429
7888
3901
-272
-4423
-8370
-11939
-14918
-17100
-18324
-18504
-17638
-15760
-12967
-9415
-5310
-918
3456
7560
11171
14104
16217
17411
17637
16898
15247
12698
9345
5447
1271
-2960
-7055
-10844
-14125
-16686
-18348
-18989
-18572
-17115
-14673
-11373
-7396
-2991
1531
5895
9861
13223
15814
17512
18234
17954
16706
14514
11421
7655
3493
-827
-5099
-9147
-12792
-15827
-18052
-19311
-19518
-18661
-16770
-13918
-10251
-5977
-1385
3211
7550
11400
14565
16893
18269
18631
17974
16341
13735
10289
6289
1990
-2379
-6626
-10584
-14067
-16865
-18794
-19717
-19577
-18370
-16137
-12968
-9028
-4552
133
4730
8980
12660
15587
17617
18650
18641
17612
15585
12594
8871
4703
329
-4031
-8200
-12012
-15272
-17775
-19352
-19892
-19359
-17759
-15149
-11643
-7431
-2793
1937
6477
10573
14013
16629
18287
18905
18464
17000
14515
11144
7175
2868
-1546
-5865
-9924
-13545
-16524
-18668
-19830
-19930
-18953
-16925
-13918
-10076
-5617
-866
3857
8272
12144
15281
17532
18778
18959
18087
16188
13293
9626
5473
1079
-3332
-7575
-11491
-14887
-17561
-19334
-20082
-19756
-18353
-15920
-12550
-8417
-3785
1006
5657
9904
13525
16342
18211
19036
18782
17487
15157
11896
7986
3695
-740
-5110
-9247
-12980
-16108
-18434
-19798
-20104
-19331
-17490
-14649
-10931
-6540
-1786
2995
7519
11540
14849
17287
18725
19090
18382
16636
13869
10286
6174
1785
-2653
-6948
-10938
-14438
-17244
-19171
-20085
-19926
-18684
-16395
-13146
-9098
-4497
314
5025
9364
13104
16057
18074
19048
18935
17764
15547
12372
8512
4240
-205
-4606
-8790
-12589
-15806
-18240
-19729
-20167
-19523
-17800
-15063
-11426
-7082
-2330
2484
7069
11168
14573
17116
18663
19134
18519
16855
14157
10619
6531
2145
-2308
-6628
-10654
-14203
-17070
-19070
-20064
-19984
-18817
-16592
-13395
-9380
-4787
37
4781
9161
12946
15947
18013
19032
18958
17818
15623
12463
8611
4339
-111
-4523
-8719
-12531
-15762
-18213
-19717
-20168
-19534
-17816
-15078
-11435
-7080
-2318
2510
7109
11215
14619
17154
18685
19133
18489
16786
14046
10478
6368
1968
-2491
-6810
-10825
-14351
-17186
-19144
-20088
-19952
-18725
-16440
-13185
-9117
-4488
353
5095
9455
13200
16142
18133
19065
18896
17659
15358
12112
8202
3894
-569
-4973
-9141
-12905
-16064
-18420
-19812
-20139
-19378
-17533
-14672
-10921
-6484
-1686
3136
7694
11727
15028
17433
18811
19092
18282
16404
13501
9819
5638
1207
-3247
-7531
-11479
-14900
-17591
-19374
-20122
-19784
-18353
-15871
-12439
-8229
-3520
1333
6027
10288
13886
16643
18414
19103
18689
17204
14656
11222
7191
2820
-1653
-6019
-10108
-13741
-16715
-18839
-19966
-20014
-18967
-16844
-13727
-9761
-5183
-338
4444
8885
12734
15797
17918
18979
18931
17797
15590
12412
8544
4256
-211
-4635
-8833
-12632
-15836
-18244
-19696
-20085
-19379
-17580
-14756
-11028
-6598
-1792
3045
7618
11668
14979
17388
18763
19033
18206
16305
13377
9676
5482
1040
-3416
-7695
-11625
-15015
-17662
-19391
-20076
-19667
-18158
-15600
-12095
-7824
-3079
1782
6455
10667
14191
16851
18505
19061
18506
16874
14183
10644
6546
2141
-2336
-6678
-10712
-14250
-17092
-19052
-19992
-19841
-18588
-16263
-12960
-8840
-4166
704
5450
9789
13484
16345
18224
19017
18693
17287
14806
11417
7412
3049
-1432
-5817
-9928
-13584
-16583
-18733
-19883
-19946
-18906
-16779
-13651
-9667
-5070
-211
4581
9018
12852
15882
17953
18948
18821
17602
15301
12045
8124
3803
-678
-5096
-9267
-13013
-16131
-18426
-19741
-19977
-19111
-17148
-14167
-10299
-5769
-922
3902
8411
12346
15500
17712
18857
18880
17802
15639
12491
8638
4351
-123
-4560
-8770
-12578
-15783
-18187
-19626
-19991
-19250
-17407
-14531
-10749
-6274
-1442
3399
7953
11960
15207
17524
18783
18920
17946
15884
12814
9012
4753
282
-4170
-8412
-12264
-15527
-18002
-19522
-19975
-19321
-17561
-14761
-11040
-6605
-1781
3076
7663
11714
15013
17391
18713
18913
17999
15996
12975
9203
4961
494
-3965
-8219
-12093
-15385
-17897
-19459
-19955
-19343
-17589
12285
12285
12286
12286
12287
12285
12285
12286
12287
12287
12288
12288
12289
12286
12287
12288
12288
12289
12286
12287
12285
12285
12289
12286
12287
12285
12285
12286
12286
12287
12288
12288
12289
12289
12290
12291
12291
12292
12289
12287
12287
12288
12288
12286
12288
12285
12286
12284
12284
12285
12286
12286
12284
12285
12285
12286
12286
12287
12287
12288
12289
12286
12290
12290
12291
12288
12289
12287
12287
12291
12288
12289
12286
12287
12288
12288
12289
12289
12287
12288
12285
12289
12289
12290
12290
12288
12289
12289
12290
12290
12291
12288
12289
12289
12290
12290
12288
12289
12287
12288
12286
12286
12284
12284
12285
12286
12286
12287
12287
12288
12289
12289
12287
12287
12288
12288
12289
12290
12290
12291
12288
12289
12289
12290
12290
12288
12289
12286
12287
12287
12288
12288
12289
12287
12287
12288
12291
12289
12289
12290
12290
12291
12292
12292
12290
12290
12291
12291
12292
12289
12290
12289
12286
12287
12284
12285
12286
12286
12287
12287
12288
12289
12289
12290
12290
12288
12288
12286
12287
12290
12291
12291
12292
12289
12290
12290
12291
12288
12289
12287
12287
12288
12288
12289
12289
12287
12288
12288
12289
12289
12290
12290
12288
12289
12289
12290
12290
12291
12291
12289
12289
12290
12290
12288
12287
12287
12285
12286
12283
12287
12288
12288
12289
12286
12287
12287
12288
12289
12289
12287
12287
12288
12289
12292
12293
12290
12291
12288
12289
12289
12290
12287
12288
12289
12289
12290
12290
12291
12288
12289
12287
12287
12288
12288
12289
12289
12290
12291
12291
12292
12292
12290
12290
12291
12288
12289
12289
12287
12289
12286
12287
12285
12285
12286
12286
12287
12288
12288
12286
12286
12287
12288
12288
12289
12286
12290
12290
12291
12291
12289
12287
12287
12288
12288
12289
12289
12287
12288
12288
12289
12289
12287
12287
12288
12286
12286
12290
12290
12288
12288
12289
12290
12290
12291
12291
12289
12289
12290
12287
12288
12289
12287
12288
12285
12286
12287
12284
12285
12286
12286
12287
12287
12288
12289
12289
12287
12287
12288
12288
12289
12290
12290
12288
12288
12289
12289
12290
12290
12288
12289
12286
12287
12290
12288
12288
12286
12287
12287
12288
12288
12289
12289
12290
12291
12288
12292
12289
12290
12290
12288
12288
12289
12289
12290
12289
12289
12287
12285
12285
12286
12286
12287
12288
12288
12289
12289
12290
12288
12288
12289
12286
12287
12287
12291
12289
12289
12290
12290
12291
12291
12289
12289
12287
12288
12288
12289
12289
12290
12287
12288
12289
12289
12290
12290
12288
12288
12289
12290
12290
12291
12291
12289
12289
12290
12290
12291
12288
12289
12288
12285
12286
12284
12284
12285
12285
12286
12287
12287
12288
12288
12289
12287
12287
12288
12285
12289
12290
12290
12291
12291
12289
12289
12290
12290
12288
12288
12286
12287
12287
12288
12288
12289
12286
12287
12288
12288
12289
12289
12287
12288
12288
12289
12289
12290
12290
12291
12291
12289
12289
12290
12287
12289
12287
12284
12285
12286
12286
12287
12288
12288
12286
12286
12287
12288
12288
12286
12286
12287
12288
12288
12292
12292
12290
12290
12288
12288
12289
12289
12287
12288
12288
12289
12286
12284
12282
12279
12277
12278
12285
12288
12292
12289
12287
12282
12279
12280
12281
12281
12282
12280
12281
12281
12279
12280
12279
12273
12271
12269
12267
12268
12266
12261
12259
12260
12261
12268
12272
12273
12268
12260
12255
12253
12255
12256
12260
12258
12256
12254
12253
12254
12252
12247
12243
12241
12243
12241
12240
12235
12231
12229
12228
12233
12237
12239
12237
12230
12222
12221
12220
12225
12224
12223
12218
12217
12216
12218
12217
12213
12207
12203
12199
12199
12198
12194
12190
12190
12189
12195
12200
12202
12198
12192
12182
12179
12181
12184
12186
12186
12185
12182
12178
12178
12178
12177
12174
12171
12168
12164
12164
12161
12158
12158
12158
12161
12167
12167
12164
12158
12149
12146
12149
12152
12155
12153
12150
12147
12147
12147
12147
12142
12133
12125
12123
12127
12131
12134
12132
12126
12121
12119
12122
12126
12127
12121
12113
12108
12109
12113
12116
12117
12112
12107
12105
12106
12107
12105
12100
12092
12084
12086
12090
12094
12096
12091
12083
12075
12074
12082
12086
12087
12080
12069
12062
12064
12069
12073
12072
12064
12057
12056
12058
12063
12059
12049
12036
12029
12029
12038
12046
12045
12039
12026
12019
12025
12034
12039
12035
12022
12010
12007
12013
12021
12024
12018
12008
12002
12002
12008
12011
12005
11992
11981
11978
11984
11997
12003
11997
11982
11970
11968
11977
11986
11990
11984
11969
11958
11956
11965
11975
11978
11967
11958
11953
11957
11964
11964
11956
11939
11928
11930
11943
11953
11958
11947
11930
11919
11927
11940
11950
11948
11931
11917
11913
11920
11934
11941
11933
11919
11909
11911
11921
11929
11927
11910
11894
11890
11898
11918
11928
11924
11904
11888
11884
11895
11915
11923
11915
11896
11880
11879
11893
11907
11912
11901
11885
11882
11887
11901
11905
11895
11876
11861
11863
11881
11898
11903
11890
11872
11862
11868
11882
11897
11895
11879
11864
11857
11869
11883
11891
11884
11872
11862
11865
11876
11884
11880
11868
11849
11846
11855
11876
11890
11886
11870
11852
11845
11857
11878
11889
11885
11866
11842
11839
11854
11868
11874
11864
11849
11843
11852
11866
11875
11865
11844
11829
11832
11850
11871
11876
11866
11848
11836
11842
11867
11884
11883
11868
11849
11843
11855
11869
11881
11874
11858
11849
11855
11867
11878
11874
11859
11840
11834
11846
11870
11885
11884
11865
11847
11840
11852
11873
11884
11880
11865
11849
11846
11858
11876
11881
11871
11859
11852
11858
11870
11878
11871
11856
11840
11840
11855
11876
11884
11877
11859
11846
11849
11864
11881
11888
11875
11856
11847
11853
11868
11879
11878
11865
11856
11856
11867
11882
11881
11868
11847
11838
11847
11867
11888
11893
11877
11858
11849
11858
11875
11892
11891
11876
11860
11854
11862
11880
11891
11887
11871
11862
11864
11879
11887
11886
11870
11852
11848
11863
11884
11898
11894
11875
11862
11862
11876
11893
11901
11891
11876
11864
11866
11881
11892
11894
11884
11871
11871
11882
11893
11895
11885
11866
11857
11862
11883
11900
11908
11897
11878
11866
11871
11889
11909
11910
11897
11881
11871
11876
11894
11908
11906
11896
11883
11882
11893
11904
11906
11890
11874
11867
11879
11902
11916
11914
11898
11882
11878
11892
11915
11926
11915
11899
11886
11889
11903
11917
11918
11905
11892
11891
11902
11915
11920
11909
11890
11877
11883
11906
11925
11930
11916
11900
11890
11898
11914
11931
11935
11921
11905
11898
11906
11922
11933
11931
11917
11907
11909
11919
11930
11931
11917
11898
11894
11905
11927
11941
11942
11925
11905
11904
11921
11940
11953
11945
11925
11912
11913
11930
11947
11948
11934
11921
11916
11927
11943
11947
11936
11916
11903
11911
11933
11955
11959
11945
11925
11914
11925
11947
11966
11967
11949
11929
11922
11932
11954
11967
11962
11944
11933
11935
11948
11961
11961
11944
11927
11923
11936
11961
11974
11971
11951
11934
11935
11954
11976
11985
11974
11953
11939
11946
11965
11981
11981
11965
11950
11945
11958
11974
11977
11963
11943
11932
11942
11967
11988
11988
11974
11950
11945
11958
11983
12001
11998
11977
11957
11952
11967
11989
12001
11992
11974
11963
11966
11982
11994
11991
11973
11956
11954
11973
11997
12009
11997
11976
11961
11968
11993
12014
12019
12001
11977
11968
11981
12005
12017
12011
11992
11979
11979
11995
12010
12006
11988
11971
11965
11984
12011
12026
12019
11998
11980
11980
12002
12025
12034
12021
12000
11985
11991
12012
12033
12035
12019
12001
11995
12004
12022
12027
12018
12000
11988
11997
12021
12038
12041
12022
12001
11995
12013
12039
12053
12046
12024
12006
12009
12030
12050
12055
12039
12020
12011
12023
12041
12047
12034
12012
12000
12009
12033
12056
12061
12042
12020
12014
12025
12052
12069
12064
12042
12021
12020
12041
12064
12074
12064
12045
12029
12035
12052
12063
12062
12042
12027
12026
12047
12070
12080
12067
12045
12029
12037
12063
12086
12087
12068
12046
12039
12053
12079
12092
12084
12065
12049
12051
12068
12081
12078
12059
12040
12039
12056
12085
12095
12087
12062
11165
11567
10989
9462
8150
6207
3438
716
-1989
-4638
-7057
-9215
-10183
-10890
-10945
-10306
-8797
-7276
-5052
-2318
739
3110
5716
7813
9857
10501
11209
11321
10134
8913
7088
4737
1375
-978
-3642
-5999
-8533
-9479
-10694
-11106
-11059
-9447
-8013
-5833
-3315
97
2156
4732
7077
9384
10341
11347
11497
10721
9251
7773
5569
2451
207
-2568
-5269
-7673
-9462
-10551
-10955
-10852
-10012
-8512
-6573
-4459
-1469
1132
3781
6209
8526
10061
10778
11110
11138
9758
8469
6504
3963
873
-1647
-4293
-6542
-9041
-9798
-10736
-11124
-10783
-8980
-7569
-5385
-2697
581
2784
5317
7573
9847
10591
11366
11542
10356
9040
7214
4979
1670
-486
-3242
-5762
-8244
-9662
-10805
-11187
-10899
-9453
-7974
-6054
-3797
-688
1782
4455
6819
8960
10193
11055
11271
10839
9355
7952
5940
3166
438
-2341
-5015
-7133
-9244
-10166
-10849
-11028
-10366
-8600
-7078
-4892
-1946
1068
3483
5857
8050
9863
10722
11385
11522
9961
8712
6722
4253
1076
-1183
-3918
-6326
-8793
-9723
-10985
-11302
-10882
-9128
-7598
-5650
-3088
116
2387
4990
7291
9513
10462
11284
11340
10546
9162
7458
5349
2274
-185
-3035
-5576
-7845
-9515
-10534
-10938
-10840
-9860
-8361
-6607
-4280
-982
1577
3993
6305
8718
9994
10902
11425
11158
9608
8180
6276
3457
525
-1972
-4479
-6846
-9185
-10041
-11051
-11297
-10611
-8800
-7178
-5132
-2218
742
2852
5457
7788
9902
10760
11443
11292
10036
8720
7080
4712
1470
-833
-3590
-6068
-8464
-9763
-10859
-10959
-10630
-9300
-7916
-5974
-3618
-272
1972
4759
6915
9178
10196
11060
11234
10832
9277
7895
5785
2659
-5
-2782
-5131
-7415
-9364
-10361
-11069
-11180
-10266
-8584
-6806
-4591
-1323
1206
3617
6042
8381
9964
10987
11464
11297
9685
8460
6493
3866
920
-1457
-4149
-6654
-9061
-10035
-10949
-11098
-10451
-8945
-7468
-5361
-2819
275
2598
5367
7506
9685
10376
11032
11164
10487
8968
7401
5195
1814
-605
-3316
-5625
-8128
-9611
-10494
-11018
-11017
-9734
-8327
-6335
-3955
-475
1718
4224
6583
8978
10022
11028
11482
11119
9497
8134
6021
3064
436
-2084
-4754
-7244
-9334
-10306
-11131
-11187
-10249
-8687
-6999
-4747
-1947
692
3270
5879
8075
9913
10767
11238
11139
9929
8568
6836
4535
1336
-1204
-4011
-6304
-8775
-9837
-10725
-10921
-10739
-9243
-7860
-5704
-3342
97
2345
4946
7011
9438
10202
11139
11456
10869
9213
7597
5527
2312
-168
-2873
-5317
-7767
-9439
-10604
-11199
-11211
-9928
-8310
-6436
-4157
-1144
1295
3965
6441
8621
10020
10974
11377
11027
9458
8165
6340
3737
900
-1875
-4617
-6846
-9187
-10063
-10814
-10943
-10488
-8888
-7367
-5164
-2476
556
2948
5623
7671
9781
10451
11157
11432
10384
8955
7153
4964
1534
-816
-3548
-5812
-8364
-9474
-10736
-11218
-11145
-9488
-8028
-5990
-3565
-247
1901
4570
6889
9173
10267
11316
11491
10782
9245
7836
5774
2679
299
-2477
-5060
-7484
-9437
-10570
-11020
-10918
-10052
-8511
-6734
-4574
-1630
1064
3666
6116
8243
9940
10750
11222
11270
9800
8534
6708
4260
1033
-1556
-4106
-6283
-8848
-9863
-10779
-11189
-10798
-9091
-7611
-7877
-5971
-4329
-1701
2147
4965
6960
8345
9192
9505
9450
8588
6983
5275
2683
653
-1837
-4504
-6886
-8987
-10916
-11962
-12488
-12624
-12307
-11027
-10542
-9137
-6978
-4797
-2286
2125
5199
7406
8837
9920
10510
10804
9657
7649
5806
2842
71
-2839
-5675
-8251
-10580
-12270
-13435
-13651
-13146
-11626
-11104
-9818
-7613
-5314
-2896
1679
5082
7615
9096
9922
10372
10556
8912
7180
5060
1581
-908
-3937
-6642
-8969
-11343
-12499
-13503
-13627
-12809
-11170
-10402
-8785
-6370
-4563
-902
3157
6326
8368
9756
10441
10565
10379
8313
6579
3953
1053
-1908
-5017
-7494
-9783
-11888
-13155
-13889
-14130
-13209
-11760
-10661
-8973
-6486
-4656
-996
3016
6865
8791
10341
11122
11246
10835
8698
6754
4131
1072
-2004
-5253
-7968
-10563
-11676
-11591
-10554
-8387
-5995
-4253
-800
238
440
601
1258
4167
7569
9494
11230
12245
12649
12645
10906
8833
6849
3946
628
-2747
-6256
-9319
-12056
-13754
-13692
-12566
-10014
-7260
-5249
-2565
12
396
554
1070
2594
7406
9964
12053
13158
13771
14039
12673
10304
8073
5035
1003
-2905
-6873
-10265
-13342
-15087
-14890
-13153
-9879
-7213
-5270
-1860
79
533
672
1350
3462
9072
11208
12899
13889
14477
14213
11599
9324
6384
1969
-1830
-5697
-9521
-12548
-15469
-14980
-13854
-10396
-7802
-5836
-3216
-122
442
461
1023
2008
6187
11230
13154
14381
15020
14938
12433
9929
7140
3271
-671
-4839
-8753
-12095
-15174
-15317
-14846
-11820
-8681
-6625
-4732
-958
217
487
718
1304
3205
8463
13014
14824
15371
15561
14369
11526
9238
6009
1476
-2754
-7024
-10719
-14023
-16579
-16224
-14372
-10352
-7914
-6106
-3805
-325
309
486
857
1468
4401
10363
14001
15554
16451
16609
14236
11375
8434
4313
-387
-4712
-9040
-12777
-16204
-16715
-16405
-12724
-9290
-7371
-5545
-2333
13
466
601
1047
2054
5879
12452
15550
16918
16948
16149
12856
10160
7016
2166
-2126
-7021
-11019
-14695
-17752
-17217
-15117
-10758
-8387
-6558
-4412
-869
262
509
719
1327
2900
8063
14728
15740
16709
17303
15232
12338
9285
5113
203
-4211
-8917
-13045
-16637
-17349
-16809
-13108
-9674
-7756
-5924
-2880
-144
399
556
929
1562
4448
10317
15409
16635
17346
17161
13773
10819
7740
3040
-1379
-6244
-10674
-14421
-17853
-17261
-15796
-11392
-8771
-6919
-4958
-1318
126
465
649
1187
2008
6374
13344
15646
16661
17205
15827
12674
9971
6243
1062
-3560
-8150
-12405
-15963
-17597
-17129
-13672
-9921
-7936
-6244
-3644
-394
259
556
857
1327
3698
8978
15315
16399
17438
17497
14533
11372
8214
3629
-893
-5704
-10313
-14199
-17812
-17284
-16135
-11661
-8997
-7144
-5292
-1725
36
442
601
1117
1867
5576
12123
16091
17129
17230
16272
12820
10008
6528
1695
-3137
-8027
-12263
-15743
-17731
-17238
-13965
-10195
-8093
-6287
-3874
-529
240
463
835
1351
3158
8345
15267
16187
17157
17599
14668
11794
8599
3961
-848
-5589
-10262
-14259
-18108
-17349
-16136
-11617
-8996
-7236
-5313
-1906
59
443
648
1024
1867
5505
11565
15997
17294
17886
16591
13055
10051
6270
1209
-3264
-8182
-12584
-16119
-17708
-17239
-13625
-10036
-7980
-6242
-3578
-461
260
533
768
1421
3228
8555
15667
16775
17486
17519
14318
11281
8285
3446
-1271
-6186
-10778
-14502
-18237
-17509
-15682
-11255
-8771
-7034
-4934
-1317
58
465
671
1140
1844
5998
12639
16349
17061
17605
15818
12613
9895
5897
571
-4194
-8998
-13169
-16691
-17755
-17175
-12768
-9515
-7642
-5923
-2923
-212
330
555
952
1445
4190
9706
15996
16870
17744
17323
13942
11149
7649
2060
-2454
-7409
-11871
-15445
-18161
-17600
-14372
-10396
-8298
-6536
-4367
-732
172
487
765
1234
2877
7382
14306
16633
17906
18027
15054
11853
8634
3969
-831
-5759
-10622
-14283
-18037
-17485
-16046
-11527
-8930
-7075
-5247
-1703
12
396
602
1116
1985
5669
12006
16725
17858
18007
16188
12557
9648
5687
561
-4318
-9406
-13335
-16814
-17575
-16926
-12542
-9448
-7597
-5836
-2678
-120
375
556
883
1586
4237
9988
16677
17621
17937
17006
13202
10408
6966
1760
-3068
-8194
-12414
-15787
-17754
-17349
-13717
-10013
-7934
-6311
-3672
-460
213
556
814
1445
3205
8485
15713
17268
17863
17625
13984
11127
7827
2882
-2090
-7056
-11706
-14980
-18068
-17579
-14664
-10485
-8273
-6603
-4206
-801
172
510
743
1304
2500
7170
14282
16962
17884
17817
14683
11527
8690
3912
-1211
-6264
-10906
-14476
-18145
-17487
-15570
-11096
-8635
-6897
-4867
-1229
126
442
671
1257
2078
6396
13156
16961
17744
18038
15243
12020
9066
4916
-540
-5705
-10412
-14047
-17638
-17486
-16066
-11595
-8883
-7054
-5224
-1569
58
466
626
1117
1866
5529
12053
17053
17884
18078
15718
12244
9264
5396
33
-5215
-10012
-13786
-17087
-17371
-16406
-11818
-9064
-7259
-5451
-2174
-8
396
602
1117
1866
5200
11630
17006
18024
18126
16054
12540
9485
5593
494
-4823
-9819
-13755
-17036
-17419
-16470
-12091
-9131
-7301
-5566
-2312
-54
396
625
1047
1797
4989
11043
21006
-7385
-5510
-2890
68
2507
5037
7454
9283
10299
10977
10954
9803
8447
6595
4585
1739
-1083
-3590
-6143
-8243
-9869
-10479
-11044
-10863
-9598
-8153
-6255
-3997
-767
1626
4179
6460
8718
9757
10638
11000
10435
9057
7408
5263
2891
-315
-2642
-5104
-7340
-9485
-10253
-10999
-11066
-10298
-8650
-6933
-4900
-1941
655
3072
5534
8018
9464
10503
11067
10819
9486
8041
6121
3975
858
-1603
-4223
-6594
-8740
-10027
-10728
-11044
-10637
-9192
-7678
-5804
-3297
-180
2281
4834
7070
9080
10051
10819
10909
10051
8696
6934
4811
2146
-970
-3297
-5668
-7746
-9711
-10411
-11044
-10976
-9869
-8243
-6459
-4358
-1083
1265
3795
6053
8470
9712
10661
11045
10616
9170
7566
5601
3365
136
-2235
-4765
-7069
-9192
-10208
-10886
-11066
-10344
-8830
-7204
-5284
-2529
316
2846
5421
7702
9373
10299
10954
10819
9667
8289
6437
4269
1400
-1445
-3929
-6255
-8333
-9869
-10524
-11044
-10795
-9463
-7904
-5962
-3681
-383
1897
4404
6686
8877
9893
10796
11045
10390
8809
7160
5059
2597
-541
-2845
-5239
-7543
-9598
-10344
-11021
-10999
-10005
-8537
-6752
-4720
-1625
791
3433
5918
8312
9622
10570
11000
10616
9328
7883
5963
3682
542
-1941
-4494
-6798
-8898
-10050
-10705
-10999
-10524
-9101
-7498
-5533
-2777
203
2688
5014
7341
9193
10141
10864
10954
9961
8493
6663
4585
1739
-1151
-3500
-5781
-8085
-9802
-10457
-11066
-10886
-9666
-8130
-6278
-4155
-857
1491
3953
6415
8741
9848
10774
11045
10390
8989
7386
5421
3049
-157
-2574
-5104
-7294
-9350
-10163
-10908
-10999
-10163
-8740
-7069
-5013
-2122
723
3207
5647
7950
9419
10435
10977
10796
9577
8109
6211
3975
949
-1648
-4178
-6368
-8604
-9937
-10705
-11112
-10728
-9282
-7724
-5736
-3410
-225
2055
4562
7002
9080
10096
10887
11045
10119
8628
6889
4879
2236
-677
-3116
-5646
-7859
-9734
-10366
-10976
-10908
-9802
-8356
-6594
-4426
-1332
1220
3772
6166
8538
9690
10593
10954
10570
9283
7702
5714
3365
158
-2280
-4742
-6910
-9147
-10050
-10795
-11089
-10479
-8988
-7294
-5284
-2574
361
2710
5082
7499
9306
10277
11022
10977
9757
8312
6437
4404
1378
-1264
-3726
-6143
-8379
-9892
-10592
-11089
-10750
-9372
-7949
-6120
-3861
-609
1807
4314
6708
8922
9961
10819
11000
10232
8899
7205
5195
2665
-496
-2935
-5420
-7430
-9485
-10231
-10931
-10953
-10118
-8582
-6843
-4742
-1761
903
3388
5669
8063
9464
10503
11022
10796
9464
7905
5895
3795
587
-1829
-4336
-6662
-8830
-10073
-10818
-11112
-10592
-9034
-7453
-5578
-3116
-44
2304
4856
7295
9170
10209
10932
10954
9915
8515
6731
4653
1875
-1015
-3522
-6007
-8085
-9756
-10411
-11021
-10886
-9756
-8220
-6391
-4155
-970
1491
4020
6256
8583
9690
10661
10977
10548
9170
7521
5398
3072
-157
-2416
-4923
-7136
-9305
-10186
-10953
-11066
-10298
-8740
-7114
-5058
-2190
519
2891
5376
7860
9419
10435
11000
10842
9532
8176
6256
4088
1016
-1580
-4132
-6527
-8672
-9982
-10660
-11044
-10660
-9282
-7791
-5939
-3522
-293
2146
4653
6866
8989
9961
10774
10932
10164
8831
7024
4946
2349
-790
-3161
-360
-247
-270
-293
-315
-293
-293
-293
-247
-44
361
2326
4495
6415
8560
10051
11180
12016
12332
12016
10706
9170
7137
4879
2191
113
-89
-180
-202
-247
-247
-270
-293
-293
-315
-225
-157
158
2643
5308
7386
9622
11384
12558
13281
13416
12694
10909
8741
6211
3523
407
-67
-180
-225
-247
-247
-270
-293
-338
-293
-180
-67
429
3388
5918
8109
10390
11542
12694
13145
13078
11790
9848
7589
5037
1942
45
-112
-180
-247
-270
-293
-293
-293
-293
-225
-112
45
1310
4291
6753
9215
11271
12377
13281
13574
13258
11655
9870
7341
4766
1333
-22
-135
-180
-225
-247
-293
-315
-315
-293
-270
-112
68
1558
4517
7024
9577
11768
12919
13846
14049
13733
12287
12061
10954
8764
6324
4653
1129
90
-157
-225
-247
-293
-315
-315
-338
-202
-67
429
3365
6166
8854
11429
13620
14907
15811
16127
15765
14365
14139
12942
10367
7566
5579
2801
294
-67
-247
-247
-293
-293
-315
-315
-247
-180
68
2936
6573
9532
12264
14794
16262
17437
17730
17075
15675
15314
13529
10232
7589
5647
2236
226
-180
-225
-293
-293
-315
-315
-270
-180
-157
1513
5466
8515
11361
14297
16149
17505
18137
17572
16104
15427
14207
10796
8131
6189
3569
452
-89
-225
-247
-270
-247
-338
-360
-202
-67
836
4585
7770
10864
13981
16375
17821
18566
18340
17053
15811
15246
12197
9057
7002
4992
1287
136
-157
-247
-270
-270
-270
-338
-270
-89
-44
2485
6595
9915
13168
16082
17730
18973
19334
18860
17143
16624
14772
10729
8267
6482
4088
678
90
-180
-293
-270
-293
-315
-315
-225
-89
361
4472
8131
11542
14794
17640
19266
20238
20125
18927
17256
16782
13100
9690
7747
5827
2733
339
-89
-225
-247
-293
-315
-315
-315
-157
23
1784
6392
10074
13687
16917
18769
20238
20644
20283
18340
17640
15517
11158
8764
6911
4788
1152
90
-180
-225
-270
-270
-293
-338
-247
-89
90
4133
8154
11700
14839
17730
19470
20983
21051
19854
17866
17256
13462
10051
8086
6324
3140
497
0
-180
-247
-270
-293
-293
-315
-180
0
1265
5850
9532
13010
16466
18679
20305
21073
20689
18769
17708
16149
11745
9148
7295
5217
1671
226
-112
-202
-247
-270
-270
-293
-270
-112
-22
3162
7747
11248
14342
17482
19311
20780
21209
20283
18114
17482
14049
10345
8289
6550
4020
700
23
-180
-293
-270
-270
-315
-315
-202
-67
858
5466
9260
12536
15923
18498
20305
21299
20960
19221
17708
16488
12061
9373
7544
5692
2078
316
-112
-225
-247
-270
-270
-315
-293
-157
23
2530
7273
10977
14433
17482
19334
20938
21254
20486
18295
17685
14365
10548
8470
6640
4133
858
136
-157
-247
-270
-270
-293
-338
-225
-44
452
5330
9238
12761
15991
18431
20260
21389
21231
19447
17843
16466
11993
9396
7589
5737
2236
316
-67
-225
-225
-270
-270
-180
-293
-135
0
2891
7273
10887
14433
17663
19673
21164
21435
20486
18272
17663
14049
10412
8380
6595
3907
791
45
-180
-180
-270
-293
-315
-338
-202
-22
813
5376
9328
13145
16624
19018
20599
21412
21005
19153
17956
16059
11632
9148
7341
5240
1694
271
-112
-247
-247
-270
-270
-338
-293
-89
23
3523
7996
11700
15088
18137
19921
21299
21480
20260
18272
17505
13168
9915
8018
6347
3252
542
45
-202
-270
-270
-293
-293
-315
-180
-44
1784
6550
10164
13687
17211
19379
21118
21660
20915
18702
18047
14772
10796
8651
6889
4721
1062
203
-157
-247
-247
-270
-293
-315
-225
-89
587
4992
8944
12468
16195
18882
20712
21796
21209
19470
17979
16353
11903
9283
7499
5624
2033
316
-67
-202
-270
-247
-293
-315
-270
-112
90
3388
7747
11384
15133
18476
20328
21683
21435
20125
18069
17279
12942
9848
7950
6189
2914
497
-22
-180
-225
-270
-293
-293
-315
-180
90
2101
6844
10412
14230
17934
19899
21457
21593
20576
18295
17843
14094
10390
8334
6640
3907
813
45
-180
-202
-270
-270
-315
-338
-202
0
1129
5827
9599
13439
17211
19695
21141
21683
20802
18679
17979
15088
10932
8673
6979
4653
1107
203
-157
-202
-270
-293
-315
-338
-225
-44
632
5105
9012
12694
16556
19357
20983
21728
21073
19108
17934
15923
11497
9012
7250
5150
1558
226
-112
-247
-270
-270
-315
-315
-247
-44
271
4427
8425
12106
15811
19108
20893
21773
21254
19470
17956
16466
11948
9283
7431
5624
1852
271
-89
-202
-247
-293
-270
-293
-293
-67
90
3975
8154
11768
15494
18792
20802
21796
21322
19741
17889
16759
12242
9464
7589
5827
2597
361
-67
-202
-247
-293
-270
-315
-293
-89
136
3546
7905
11406
15110
18566
20621
21932
21502
19854
17866
16917
12468
9532
7725
5872
2665
384
-67
-225
-247
-270
-270
-315
-8424
13
25
38
50
63
76
88
101
113
126
139
151
164
176
189
202
214
227
239
252
265
277
290
302
315
328
340
353
365
378
391
403
416
429
441
454
466
479
492
504
517
529
542
555
567
580
592
605
618
630
643
655
668
681
693
706
718
731
744
756
769
781
794
807
819
832
844
857
870
882
895
907
920
933
945
958
970
983
996
1008
1021
1033
1046
1059
1071
1084
1096
1109
1122
1134
1147
1159
1172
1185
1197
1210
1222
1235
1248
1260
1273
1286
1298
1311
1323
1336
1349
1361
1374
1386
1399
1412
1424
1437
1449
1462
1475
1487
1500
1512
1525
1538
1550
1563
1575
1588
1601
1613
1626
1638
1651
1664
1676
1689
1701
1714
1727
1739
1752
1764
1777
1790
1802
1815
1827
1840
1853
1865
1878
1890
1903
1916
1928
1941
1953
1966
1979
1991
2004
2016
2029
2042
2054
2067
2080
2092
2105
2117
2130
2143
2155
2168
2180
2193
2206
2218
2231
2243
2256
2269
2281
2294
2306
2319
2332
2344
2357
2369
2382
2395
2407
2420
2432
2445
2458
2470
2483
2495
2508
2521
2533
2546
2558
2571
2584
2596
2609
2621
2634
2647
2659
2672
2684
2697
2710
2722
2735
2747
2760
2773
2785
2798
2810
2823
2836
2848
2861
2874
2886
2899
2911
2924
2937
2949
2962
2974
2987
3000
3012
3025
3037
3050
3063
3075
3088
3100
3113
3126
3138
3151
3163
3176
3189
3201
3214
3226
3239
3252
3264
3277
3289
3302
3315
3327
3340
3352
3365
3378
3390
3403
3415
3428
3441
3453
3466
3478
3491
3504
3516
3529
3541
3554
3567
3579
3592
3604
3617
3630
3642
3655
3667
3680
3693
3705
3718
3731
3743
3756
3768
3781
3794
3806
3819
3831
3844
3857
3869
3882
3894
3907
3920
3932
3945
3957
3970
3983
3995
4008
4020
4033
4046
4058
4071
4083
4096
4109
4121
4134
4146
4159
4172
4184
4197
4209
4222
4235
4247
4260
4272
4285
4298
4310
4323
4335
4348
4361
4373
4386
4398
4411
4424
4436
4449
4461
4474
4487
4499
4512
4525
4537
4550
4562
4575
4588
4600
4613
4625
4638
4651
4663
4676
4688
4701
4714
4726
4739
4751
4764
4777
4789
4802
4814
4827
4840
4852
4865
4877
4890
4903
4915
4928
4940
4953
4966
4978
4991
5003
5016
5029
5041
5054
5066
5079
5092
5104
5117
5129
5142
5155
5167
5180
5192
5205
5218
5230
5243
5255
5268
5281
5293
5306
5318
5331
5344
5356
5369
5382
5394
5407
5419
5432
5445
5457
5470
5482
5495
5508
5520
5533
5545
5558
5571
5583
5596
5608
5621
5634
5646
5659
5671
5684
5697
5709
5722
5734
5747
5760
5772
5785
5797
5810
5823
5835
5848
5860
5873
5886
5898
5911
5923
5936
5949
5961
5974
5986
5999
6012
6024
6037
6049
6062
6075
6087
6100
6112
6125
6138
6150
6163
6176
6188
6201
6213
6226
6239
6251
6264
6276
6289
6302
6314
6327
6339
6352
6365
6377
6390
6402
6415
6428
6440
6453
6465
6478
6491
6503
6516
6528
6541
6554
6566
6579
6591
6604
6617
6629
6642
6654
6667
6680
6692
6705
6717
6730
6743
6755
6768
6780
6793
6806
6818
6831
6843
6856
6869
6881
6894
6906
6919
6932
6944
6957
6970
6982
6995
7007
7020
7033
7045
7058
7070
7083
7096
7108
7121
7133
7146
7159
7171
7184
7196
7209
7222
7234
7247
7259
7272
7285
7297
7310
7322
7335
7348
7360
7373
7385
7398
7411
7423
7436
7448
7461
7474
7486
7499
7511
7524
7537
7549
7562
7574
7587
7600
7612
7625
7637
7650
7663
7675
7688
7700
7713
7726
7738
7751
7763
7776
7789
7801
7814
7827
7839
7852
7864
7877
7890
7902
7915
7927
7940
7953
7965
7978
7990
8003
8016
8028
8041
8053
8066
8079
8091
8104
8116
8129
8142
8154
8167
8179
8192
8205
8217
8230
8242
8255
8268
8280
8293
8305
8318
8331
8343
8356
8368
8381
8394
8406
8419
8431
8444
8457
8469
8482
8494
8507
8520
8532
8545
8557
8570
8583
8595
8608
8621
8633
8646
8658
8671
8684
8696
8709
8721
8734
8747
8759
8772
8784
8797
8810
8822
8835
8847
8860
8873
8885
8898
8910
8923
8936
8948
8961
8973
8986
8999
9011
9024
9036
9049
9062
9074
9087
9099
9112
9125
9137
9150
9162
9175
9188
9200
9213
9225
9238
9251
9263
9276
9288
9301
9314
9326
9339
9351
9364
9377
9389
9402
9414
9427
9440
9452
9465
9478
9490
9503
9515
9528
9541
9553
9566
9578
9591
9604
9616
9629
9641
9654
9667
9679
9692
9704
9717
9730
9742
9755
9767
9780
9793
9805
9818
9830
9843
9856
9868
9881
9893
9906
9919
9931
9944
9956
9969
9982
9994
10007
10019
10032
10045
10057
10070
10082
10095
10108
10120
10133
10145
10158
10171
10183
10196
10208
10221
10234
10246
10259
10272
10284
10297
10309
10322
10335
10347
10360
10372
10385
10398
10410
10423
10435
10448
10461
10473
10486
10498
10511
10524
10536
10549
10561
10574
10587
10599
10612
10624
10637
10650
10662
10675
10687
10700
10713
10725
10738
10750
10763
10776
10788
10801
10813
10826
10839
10851
10864
10876
10889
10902
10914
10927
10939
10952
10965
10977
10990
11002
11015
11028
11040
11053
11066
11078
11091
11103
11116
11129
11141
11154
11166
11179
11192
11204
11217
11229
11242
11255
11267
11280
11292
11305
11318
11330
11343
11355
11368
11381
11393
11406
11418
11431
11444
11456
11469
11481
11494
11507
11519
11532
11544
11557
11570
11582
11595
11607
11620
11633
11645
11658
11670
11683
11696
11708
11721
11733
11746
11759
11771
11784
11796
11809
11822
11834
11847
11859
11872
11885
11897
11910
11923
11935
11948
11960
11973
11986
11998
12011
12023
12036
12049
12061
12074
12086
12099
12112
12124
12137
12149
12162
12175
12187
12200
12212
12225
12238
12250
12263
12275
12288
12301
12313
12326
12338
12351
12364
12376
12389
12401
12414
12427
12439
12452
12464
12477
12490
12502
12515
12527
12540
12553
12565
12578
12590
12603
12616
12628
12641
12653
12666
12679
12691
12704
12717
12729
12742
12754
12767
12780
12792
12805
12817
12830
12843
12855
12868
12880
12893
12906
12918
12931
12943
12956
12969
12981
12994
13006
13019
13032
13044
13057
13069
13082
13095
13107
13120
13132
13145
13158
13170
13183
13195
13208
13221
13233
13246
13258
13271
13284
13296
13309
13321
13334
13347
13359
13372
13384
13397
13410
13422
13435
13447
13460
13473
13485
13498
13510
13523
13536
13548
13561
13574
13586
13599
13611
13624
13637
13649
13662
13674
13687
13700
13712
13725
13737
13750
13763
13775
13788
13800
13813
13826
13838
13851
13863
13876
13889
13901
13914
13926
13939
13952
13964
13977
13989
14002
14015
14027
14040
14052
14065
14078
14090
14103
14115
14128
14141
14153
14166
14178
14191
14204
14216
14229
14241
14254
14267
14279
14292
14304
14317
14330
14342
14355
14368
14380
14393
14405
14418
14431
14443
14456
14468
14481
14494
14506
14519
14531
14544
14557
14569
14582
14594
14607
14620
14632
14645
14657
14670
14683
14695
14708
14720
14733
14746
14758
14771
14783
14796
14809
14821
14834
14846
14859
14872
14884
14897
14909
14922
14935
14947
14960
14972
14985
14998
15010
15023
15035
15048
15061
15073
15086
15098
15111
15124
15136
15149
15162
15174
15187
15199
15212
15225
15237
15250
15262
15275
15288
15300
15313
15325
15338
15351
15363
15376
15388
15401
15414
15426
15439
15451
15464
15477
15489
15502
15514
15527
15540
15552
15565
15577
15590
15603
15615
15628
15640
15653
15666
15678
15691
15703
15716
15729
15741
15754
15766
15779
15792
15804
15817
15829
15842
15855
15867
15880
15892
15905
15918
15930
15943
15955
15968
15981
15993
16006
16019
16031
16044
16056
16069
16082
16094
16107
16119
16132
16145
16157
16170
16182
16195
16208
16220
16233
16245
16258
16271
16283
16296
16308
16321
16334
16346
16359
16371
16384
0
0
0
0
0
0
0
0
0
0
0
0
0
0
0
0
0
0
0
0
0
0
0
0
0
0
0
0
0
0
0
0
0
0
0
0
0
0
0
0
0
0
0
0
0
0
0
0
0
0
0
0
0
0
0
0
0
0
0
0
0
0
0
0
0
0
0
0
0
0
0
0
0
0
0
0
0
0
0
0
0
0
0
0
0
0
0
0
0
0
0
0
0
0
0
0
0
0
0
0
0
0
0
0
0
0
0
0
0
0
0
0
0
0
0
0
0
0
0
0
0
0
0
0
0
0
0
0
0
0
0
0
0
0
0
0
0
0
0
0
0
0
0
0
0
0
0
0
0
0
0
0
0
0
0
0
0
0
0
0
0
0
0
0
0
0
0
0
0
0
0
0
0
0
0
0
0
0
0
0
0
0
0
0
0
0
0
0
0
0
0
0
0
0
0
0
0
0
0
0
0
0
0
0
0
0
0
0
0
0
0
0
0
0
0
0
0
0
0
0
0
0
0
0
0
0
0
0
0
0
0
0
0
0
0
0
0
0
0
0
0
0
0
0
0
0
0
0
0
0
0
0
0
0
0
0
0
0
0
0
0
0
0
0
0
0
0
0
0
0
0
0
0
0
0
0
0
0
0
0
0
0
0
0
0
0
0
0
0
0
0
0
0
0
0
0
0
0
0
0
0
0
0
0
0
0
0
0
0
0
0
0
0
0
0
0
0
0
0
0
0
0
0
0
0
0
0
0
0
0
0
0
0
0
0
0
0
0
0
0
0
0
0
0
0
0
0
0
0
0
0
0
0
0
0
0
0
0
0
0
0
0
0
0
0
0
0
0
0
0
0
0
0
0
0
0
0
0
0
0
0
0
0
0
0
0
0
0
0
0
0
0
0
0
0
0
0
0
0
0
0
0
0
0
0
0
0
0
0
0
0
0
0
0
0
0
0
0
0
0
0
0
0
0
0
0
0
0
0
0
0
0
0
0
0
0
0
0
0
0
0
0
0
0
0
0
0
0
0
0
0
0
0
0
0
0
0
0
0
0
0
0
0
0
0
0
0
0
0
0
0
0
0
0
0
0
0
0
0
0
0
0
0
0
0
0
0
0
0
0
0
0
0
0
0
0
0
0
0
0
16384
16384
16384
16384
16384
16384
16384
16384
16384
16384
16384
16384
16384
16384
16384
16384
16384
16384
16384
16384
16384
16384
16384
16384
16384
16384
16384
16384
16384
16384
16384
16384
16384
16384
16384
16384
16384
16384
16384
16384
16384
16384
16384
16384
16384
16384
16384
16384
16384
16384
16384
16384
16384
16384
16384
16384
16384
16384
16384
16384
16384
16384
16384
16384
16384
16384
16384
16384
16384
16384
16384
16384
16384
16384
16384
16384
16384
16384
16384
16384
16384
16384
16384
16384
16384
16384
16384
16384
16384
16384
16384
16384
16384
16384
16384
16384
16384
16384
16384
16384
16384
16384
16384
16384
16384
16384
16384
16384
16384
16384
16384
16384
16384
16384
16384
16384
16384
16384
16384
16384
-32767
-32767
-32767
-32767
-32767
-32767
-32767
-32767
-32767
-32767
-32767
-32767
-32767
-32767
-32767
-32767
-32767
-32767
-32767
-32767
-32767
-32767
-32767
-32767
-32767
-32767
-32767
-32767
-32767
-32767
-32767
-32767
-32767
-32767
-32767
-32767
-32767
-32767
-32767
-32767
-32767
-32767
-32767
-32767
-32767
-32767
-32767
-32767
-32767
-32767
-32767
-32767
-32767
-32767
-32767
-32767
-32767
-32767
-32767
-32767
-32767
-32767
-32767
-32767
-32767
-32767
-32767
-32767
-32767
-32767
-32767
-32767
-32767
-32767
-32767
-32767
-32767
-32767
-32767
-32767
-32767
-32767
-32767
-32767
-32767
-32767
-32767
-32767
-32767
-32767
-32767
-32767
-32767
-32767
-32767
-32767
-32767
-32767
-32767
-32767
-32767
-32767
-32767
-32767
-32767
-32767
-32767
-32767
-32767
-32767
-32767
-32767
-32767
-32767
-32767
-32767
-32767
-32767
-32767
-32767
-32767
-32767
-32767
-32767
-32767
-32767
-32767
-32767
-32767
-32767
-32767
-32767
-32767
-32767
-32767
-32767
-32767
-32767
-32767
-32767
-32767
-32767
-32767
-32767
-32767
-32767
-32767
-32767
-32767
-32767
-32767
-32767
-32767
-32767
-32767
-32767
-32767
-32767
-32767
-32767
-32767
-32767
-32767
-32767
-32767
-32767
-32767
-32767
-32767
-32767
-32767
-32767
-32767
-32767
-32767
-32767
-32767
-32767
-32767
-32767
-32767
-32767
-32767
-32767
-32767
-32767
-32767
-32767
-32767
-32767
-32767
-32767
-32767
-32767
-32767
-32767
-32767
-32767
-32767
-32767
-32767
-32767
-32767
-32767
-32767
-32767
-32767
-32767
-32767
-32767
-32767
-32767
-32767
-32767
-32767
-32767
-32767
-32767
-32767
-32767
-32767
-32767
-32767
-32767
-32767
-32767
-32767
-32767
-32767
-32767
-32767
-32767
-32767
-32767
-32767
-32767
-32767
-32767
-32767
-32767
-32767
-32767
-32767
-32767
-32767
-32767
-32767
-32767
-32767
-32767
-32767
-32767
-32767
-32767
-32767
-32767
-32767
-32767
-32767
-32767
-32767
-32767
-32767
-32767
-32767
-32767
-32767
-32767
-32767
-32767
-32767
-32767
-32767
-32767
-32767
-32767
-32767
-32767
-32767
-32767
-32767
-32767
-32767
-32767
-32767
-32767
-32767
-32767
-32767
-32767
-32767
-32767
-32767
-32767
-32767
-32767
-32767
-32767
-32767
-32767
-32767
-32767
-32767
-32767
-32767
-32767
-32767
-32767
-32767
-32767
-32767
-32767
-32767
-32767
-32767
-32767
-32767
-32767
-32767
-32767
-32767
-32767
-32767
-32767
-32767
-32767
-32767
-32767
-32767
-32767
-32767
-32767
-32767
-32767
-32767
-32767
-32767
-32767
-32767
-32767
-32767
-32767
-32767
-32767
-32767
-32767
-32767
-32767
-32767
-32767
-32767
-32767
-32767
-32767
-32767
-32767
-32767
-32767
-32767
-32767
-32767
-32767
-32767
-32767
-32767
-32767
-32767
-32767
-32767
-32767
-32767
-32767
-32767
-32767
-32767
-32767
-32767
-32767
-32767
-32767
-32767
-32767
-32767
-32767
-32767
-32767
-32767
-32767
-32767
-32767
-32767
-32767
-32767
-32767
-32767
-32767
-32767
-32767
-32767
-32767
-32767
-32767
-32767
-32767
-32767
-32767
-32767
-32767
-32767
-32767
-32767
-32767
-32767
-32767
-32767
-32767
-32767
-32767
-32767
-32767
-32767
-32767
-32767
-32767
-32767
-32767
-32767
-32767
-32767
-32767
-32767
-32767
-32767
-32767
-32767
-32767
-32767
-32767
-32767
-32767
-32767
-32767
-32767
-32767
-32767
-32767
-32767
-32767
-32767
-32767
-32767
-32767
-32767
-32767
-32767
-32767
-32767
-32767
-32767
-32767
-32767
-32767
-32767
-32767
-32767
-32767
-32767
-32767
-32767
-32767
-32767
-32767
-32767
-32767
-32767
-32767
-32767
-32767
-32767
-32767
-32767
-32767
-32767
-32767
-32767
-32767
-32767
-32767
-32767
-32767
-32767
-32767
-32767
-32767
-32767
-32767
-32767
-32767
-32767
-32767
-32767
-32767
-32767
-32767
-32767
-32767
-32767
-32767
-32767
-32767
-32767
-32767
-32767
-32767
-32767
-32767
-32767
-32767
-32767
-32767
-32767
-32767
-32767
-32767
-32767
-32767
-32767
-32767
-32767
-32767
-32767
-32767
-32767
-32767
-32767
-32767
-32767
-32767
-32767
-32767
-32767
-32767
-32767
-32767
-32767
-32767
-32767
-32767
-32767
-32767
-32767
-32767
-32767
-32767
-32767
-32767
-32767
-32767
-32767
-32767
-32767
-32767
-32767
-32767
-32767
-32767
-32767
-32767
-32767
-32767
-32767
-32767
-32767
-32767
-32767
-32767
-32767
-32767
-32767
-32767
-32767
-32767
-32767
-32767
-32767
-32767
-32767
-32767
-32767
-32767
-32767
-32767
-32767
-32767
-32767
-32767
-32767
-32767
-32767
-32767
-32767
-32767
-32767
-32767
-32767
-32767
-32767
-32767
-32767
-32767
-32767
-32767
-32767
-32767
-32767
-32767
-32767
-32767
-32767
-32767
-32767
-32767
-32767
-32767
-32767
-32767
-32767
-32767
-32767
-32767
-32767
-32767
-32767
-32767
-32767
-32767
-32767
-32767
-32767
-32767
-32767
-32767
-32767
-32767
-32767
-32767
-32767
-32767
-32767
-32767
-32767
-32767
-32767
-32767
-32767
-32767
-32767
-32767
-32767
-32767
-32767
-32767
-32767
-32767
-32767
-32767
-32767
-32767
-32767
-32767
-32767
-32767
-32767
-32767
-32767
-32767
-32767
-32767
-32767
0
7335
7702
7711
7334
7659
7760
7642
7510
7371
7323
7492
6939
7164
7249
7509
7473
7158
7456
7512
7360
6950
7020
7215
7523
7107
7318
7549
7853
7430
7659
7730
7797
7086
7327
7366
7551
7316
7215
7212
7381
7690
7099
7335
7272
7301
6772
7211
7296
7435
7266
7107
7409
7730
7604
7349
7664
7717
7388
7673
7460
7442
7417
6936
7174
7333
7544
7308
7248
7313
7540
7282
7171
7081
7274
7377
7134
7392
7597
7867
7352
7681
7862
7788
7174
7267
7318
7563
7133
7239
7284
7505
7680
7014
7358
7443
7308
6841
7110
7291
7498
7119
7159
7462
7868
7449
7531
7643
7715
7171
7603
7384
7499
7383
6983
7146
7376
7602
7088
7120
7298
7530
7168
7160
7101
7353
7298
7121
7396
7700
7743
7307
7674
7842
7688
7405
7169
7318
7550
7014
7252
7316
7561
7526
7069
7472
7525
7243
6833
7054
7357
7547
7142
7297
7554
7924
7304
7623
7610
7613
7113
7441
7426
7557
7275
7077
7199
7448
7639
6984
7201
7330
7417
7021
7163
7234
7415
7136
7204
7480
7755
7551
7392
7749
7866
7443
7419
7236
7335
7375
6985
7269
7335
7508
7312
7265
7542
7605
6952
6969
7139
7414
7388
7168
7393
7696
7861
7244
7632
7808
7524
7167
7315
7471
7605
7115
7111
7293
7568
7510
6974
7292
7400
7236
7011
7264
7347
7476
7012
7230
7534
7819
7375
7496
7737
7811
7281
7437
7364
7469
7225
7017
7202
7391
7520
7145
7325
7436
7619
6909
7079
7053
7449
7241
7268
7463
7722
7737
7367
7797
7903
7378
7209
7193
7494
7540
7090
7196
7299
7612
7414
7211
7389
7403
6947
7096
7233
7413
7449
7061
7335
7559
7866
7238
7626
7704
7592
7340
7470
7437
7495
7066
7054
7192
7462
7449
7067
7312
7438
7479
7036
7125
7081
7430
7100
7322
7507
7716
7620
7464
7817
7924
7174
7270
7226
7487
7342
7111
7257
7356
7642
7241
7351
7409
7413
6803
7143
7257
7481
7362
7199
7303
7721
7828
7268
7680
7689
7414
7436
7479
7521
7523
6940
7122
7285
7575
7374
7130
7274
7369
7379
7204
7106
7216
7421
7008
7319
7605
7808
7360
7439
7774
7956
7321
7270
7228
7492
7143
7130
7253
7376
7636
7132
7446
7434
7543
6797
7046
7161
7523
7303
7256
7457
7829
7765
7380
7613
7836
7254
7364
7364
7526
7474
7028
7137
7298
7682
7238
7030
7278
7390
7147
7250
7161
7304
7381
7051
7318
7637
7763
7236
7539
7811
7805
7430
7301
7245
7509
6998
7152
7264
7435
7548
7131
7402
7451
7392
6920
7031
7151
7513
7191
7309
7557
7878
7534
7589
7755
7826
7020
7335
7335
7568
7376
7192
7237
7350
7657
7084
7270
7357
7357
6930
7241
7233
7428
7248
7108
7416
7749
7621
7296
7639
7741
7436
7573
7326
7407
7441
6879
7194
7317
7525
7303
7084
7347
7554
7261
7030
7003
7265
7449
7098
7404
7649
7879
7308
7635
7854
7820
7140
7227
7390
7625
7205
7231
7263
7478
7645
7050
7387
8810
7222
5218
2528
-1303
-2413
-1781
-8
2223
4351
6245
6938
7173
7554
7531
7980
8080
8104
8384
8761
8427
8684
8789
9116
9588
9705
10942
10458
8383
5634
2912
-1054
-1977
-1020
1048
3587
6027
8242
8952
8899
9395
9392
9525
9578
9705
9995
10121
9792
9827
9977
10249
10154
11411
11301
9263
6296
3413
-669
-1871
-894
1287
3806
6311
8402
8636
8919
9439
8765
9071
9131
9312
9761
9428
9308
9488
9769
10043
9972
11008
10364
7823
5369
1665
-1466
-2084
-640
1766
4298
6677
8393
8204
8826
9026
8903
8875
8891
9324
9758
9283
9376
9451
9956
10193
10571
11274
10494
7865
5472
1779
-1368
-2370
-795
1731
4456
6895
8587
8300
8945
9332
9266
9094
9043
9339
9707
9721
11544
11944
10199
7152
4695
961
-357
-395
-360
-754
-2190
-2876
-1425
1032
3837
6517
8923
9187
9455
10315
10728
10673
10577
10549
10940
11350
11532
13590
14108
12055
8640
5702
2502
-102
-362
-363
-632
-1186
-2746
-1488
1109
4203
7335
10147
11017
11155
11967
12390
12089
11837
12028
12344
12532
12958
14991
15049
12071
8492
5579
1880
-200
-427
-414
-694
-1491
-2595
-540
2476
5798
9100
11233
11036
11563
12084
11653
11829
11993
12130
12365
12198
14325
15267
12634
9207
6391
3172
38
-408
-367
-603
-972
-2309
-1864
1041
4448
7921
10604
10553
10825
11540
11835
11864
11683
11791
12134
12207
13486
15516
13981
10395
7700
4826
942
-280
-425
-439
-737
-1363
-2536
-1044
2399
5956
9339
10934
10676
11600
12424
11922
11695
11815
12164
12627
12585
15154
15881
12449
9457
6838
3733
223
-308
-355
-455
-724
-1811
-2397
-41
3663
7571
11014
11239
11307
12059
12246
12223
12251
12288
12580
12793
13780
16393
14750
11287
8723
5800
2211
-113
-420
-428
-604
-916
-2028
-1942
1280
5260
8991
11475
10823
11706
12751
12338
12313
12111
12488
12972
12705
15508
16384
12815
10087
7532
4534
697
-339
-392
-425
-695
-1231
-2266
-970
2831
6756
10706
11502
11530
12247
12438
12181
12318
12537
12769
12955
13746
16361
14977
11617
9176
6464
2819
54
-435
-422
-577
-771
-1643
-2075
462
4398
8409
11516
11068
11494
12558
12528
12487
12289
12554
12999
12685
15002
16659
13442
10550
8005
5141
1160
-187
-398
-427
-660
-826
-2042
-1475
1974
6001
9922
11578
11407
12359
12811
12210
12186
12484
12800
13115
13411
16141
15357
11953
9487
6917
3619
168
-382
-383
-434
-681
-1458
-2079
-184
3787
7917
11391
11279
11512
12298
12448
12532
12375
12570
12927
12836
14591
16699
13652
10899
8351
5640
1759
-178
-383
-344
-639
-803
-1838
-1679
1568
5595
9421
11704
11097
12093
12923
12482
12297
12319
12693
13237
13232
16097
15558
12139
9452
7082
3873
374
-302
-450
-495
-675
-1298
-2080
-475
3455
7564
11417
11372
11736
12593
12456
12215
12344
12584
13016
12734
14590
16572
13637
10861
8390
5682
1884
-149
-436
-419
-581
-841
-1860
-1667
1519
5655
9802
11763
11200
11893
12608
12275
12519
12459
12678
13086
13304
16266
15333
11999
9581
6957
3567
310
-301
-433
-489
-709
-1228
-2033
-294
3718
7799
11367
11109
11521
12713
12622
12455
12224
12499
13021
12652
15042
16485
13199
10569
8071
5244
1339
-225
-420
-408
-640
-738
-1894
-1461
1992
6049
10117
11528
11325
12544
12947
12248
12229
12449
12875
13053
13883
16694
14588
11507
9043
6514
2970
34
-426
-396
-509
-683
-1591
-1951
424
4516
8783
11735
11313
12021
12818
12014
12316
12338
12646
13065
12793
15757
15738
12394
9966
7409
4474
642
-359
-391
-446
-673
-1179
-2003
-824
3112
7400
11193
11338
11437
12286
12564
12517
12395
12543
12883
12816
14681
16509
13495
10743
8259
5478
1647
-125
-363
-367
-649
-857
-1828
-1550
1881
6098
10048
11598
11059
11992
12739
12592
12407
12421
12685
13000
13789
16681
14354
11384
8958
6293
2650
51
-382
-389
-608
-760
-1515
-1892
708
4910
9056
11676
10906
11765
12773
12499
12379
12325
12612
13061
13053
16231
15312
11979
9530
7054
3637
349
-303
-413
-538
-757
-1202
-2014
-230
3956
8062
11582
10963
11684
12698
12658
12511
12266
12475
13012
12591
15541
15960
12495
9950
7541
4436
708
-358
-425
-452
-692
-944
-1954
-856
3098
7350
11138
11101
11325
12656
12766
12477
12226
12488
12920
12640
14905
16342
13070
10358
7990
5019
1109
-268
-450
-401
-694
-815
-1931
-1258
2482
6702
10752
11213
11257
12346
12935
12479
12181
12433
12860
12836
14522
16519
13511
10692
8243
5566
1532
-137
-416
-392
-647
-772
-1777
-1473
2014
6253
10311
11324
11088
12116
12886
12495
12267
12331
12761
12976
14108
16565
13782
10951
8495
5833
2030
-101
-430
-375
-645
-807
-1742
-1610
1676
6001
10049
11486
11083
11963
12764
12599
12290
12431
12694
12911
13918
16448
14000
11037
8614
5901
2206
-81
-387
-378
-633
-818
-1668
-1634
9177
8642
8429
8280
8273
8203
8215
8240
8291
8006
8165
8160
8594
8094
8129
8022
8327
8270
8260
8310
8249
8474
8113
8303
8297
8809
8221
8364
8509
8692
8398
8222
8036
8285
7925
7976
8004
8418
7992
8289
8446
8485
8499
8144
8072
8122
8548
8134
8284
8369
8778
8533
8666
8361
8522
8197
8059
8052
8207
8060
7994
8179
8262
8475
8280
8134
7974
8403
8153
8175
8238
8294
8301
8172
8332
8468
8581
8219
8080
8464
8528
8346
8268
8038
8282
7916
8054
7982
8493
7884
8216
8389
8511
8411
8216
8080
8036
8520
8144
8281
8437
8914
8504
8635
8503
8650
8225
8106
7959
8262
7974
8108
8139
8360
8335
8411
8312
8072
8239
8027
8115
8188
8412
8217
8276
8293
8506
8424
8327
8189
8404
8214
8246
8272
8159
8172
8025
8133
8015
8439
8042
8125
8271
8447
8283
8257
8150
8123
8407
8090
8238
8352
8654
8446
8647
8674
8649
8238
8076
7998
8328
7850
8055
8082
8460
8142
8501
8469
8290
8234
8010
8035
8141
8497
8146
8296
8321
8717
8415
8464
8203
8511
8143
8167
8198
8270
8093
8061
8139
8160
8438
8194
8023
8111
8510
8255
8252
8137
8303
8283
8102
8184
8502
8489
8381
8528
8707
8534
8339
8123
8066
8254
7978
8010
8083
8537
8184
8554
8399
8411
8200
8098
8025
8150
8489
8060
8281
8339
8904
8585
8499
8154
8453
8134
8118
8119
8320
8017
8071
8114
8350
8291
8363
8021
7986
8384
8248
8276
8149
8386
8112
8243
8235
8517
8257
8309
8294
8615
8442
8354
8202
8146
8143
8044
8025
8144
8418
8244
8400
8428
8536
8222
8168
8065
8262
8310
8130
8317
8477
8661
8532
8520
8389
8378
8071
8018
8077
8340
7951
8044
8182
8597
8250
8291
8120
8104
8176
8133
8212
8205
8530
8092
8337
8311
8682
8140
8121
8232
8692
8308
8268
8112
8341
8032
8039
8028
8377
8301
8171
8269
8384
8623
8321
8133
8014
8381
8140
8136
8274
8604
8364
8537
8523
8568
8340
8142
7948
8067
8173
7902
8102
8245
8614
8326
8415
8161
8303
8157
8069
8167
8253
8381
8136
8394
8339
8698
8356
8214
8176
8471
8211
8204
8128
8317
7985
8143
8044
8495
8115
8192
8111
8378
8535
8362
8228
8017
8438
8077
8274
8239
8699
8229
8463
8559
8729
8284
8134
7967
8124
8037
8000
8066
8256
8382
8387
8506
8308
8386
7978
8051
8153
8354
8261
8240
8383
8405
8612
8500
8327
8208
8179
8079
8191
8176
8253
7995
8157
8074
8580
8035
8115
8116
8456
8373
8331
8297
8160
8441
8052
8330
8252
8688
8176
8429
8578
8783
8320
8185
7956
8233
7906
8035
8014
8347
8078
8420
8497
8449
8471
8051
8050
8077
8460
8185
8268
8310
8667
8496
8632
8388
8376
8142
8041
8068
8190
8122
8036
8074
8175
8588
8348
8160
8031
8409
8225
8268
8271
8359
8367
8202
8236
8306
8619
8310
8285
8458
8533
8328
8271
8003
8295
7953
7984
7928
8455
8082
8316
8395
8450
8412
8198
3420
739
-827
-1000
1664
4688
7418
9430
10179
9959
9135
9097
9088
8962
9108
9036
8853
9012
8940
8837
9203
8930
8891
8943
9135
8185
5694
2558
-107
-1580
-1657
1739
5179
8079
9794
10701
10367
9358
9324
9392
9118
9182
9223
9088
9137
9076
9069
9193
9335
9209
8899
8747
6334
3031
1
-1728
-1934
1282
5147
8326
10066
10668
10164
9187
9513
9545
9327
9484
9136
9225
9280
9210
9803
9405
9742
9656
9448
7988
5261
2042
-541
-1880
-961
2576
6490
9286
10886
11079
10239
9685
9972
10057
10111
10255
9863
9989
9814
9710
10027
9955
10317
10396
10521
8500
5333
2010
-536
-1915
-1011
2365
7051
9791
11577
11845
10938
10361
10462
10604
10656
10851
10461
10541
10524
10561
10046
7432
4078
692
-1543
-2563
-1386
-181
216
425
988
3510
7806
10485
12626
13333
12801
11663
11638
11810
11964
11929
12058
11726
11866
11897
11904
11683
8708
4838
862
-1743
-3059
-2541
-391
117
450
882
2080
7378
11010
13462
14299
13916
12655
12539
13003
12920
12672
12803
12613
12798
12882
12854
12333
8766
4369
176
-2359
-3525
-2474
-266
265
511
1115
3110
9361
12467
14367
14827
14011
13295
13478
13358
13187
13378
13280
13292
13515
13356
13687
10181
5957
1288
-1622
-3262
-3128
-585
96
419
838
1737
6067
12420
14718
15794
15370
14080
13945
13880
13998
14188
14299
14214
14287
14054
14094
11968
8281
3308
-439
-2503
-3414
-1448
-171
268
498
1077
2718
8561
14677
16532
16477
15271
14685
15084
15242
15220
15272
15041
15120
15109
15062
15055
11432
6698
1634
-1389
-3011
-3119
-857
-53
308
682
1212
4061
10682
15838
17464
17468
16050
15957
15761
15844
15882
16171
15968
16078
15979
15875
14041
10277
4550
313
-2144
-3443
-2384
-433
161
465
869
1755
5593
13299
17594
18438
17243
16009
16318
16597
16826
16827
16388
16537
16500
16473
16759
12955
7896
2329
-949
-2865
-3433
-1336
-158
271
534
1073
2603
8159
16284
17714
18046
17009
17051
16964
16872
16525
16671
16471
16867
17012
16851
15096
11089
5276
783
-1855
-3341
-2914
-606
27
408
643
1389
4118
10859
17675
18411
18044
16782
16713
16800
16904
16879
16665
16647
16873
16776
17061
13558
8936
3153
-501
-2668
-3529
-1713
-290
227
474
990
1704
6275
14258
17557
18153
17227
16936
17341
17194
16692
16810
16575
16787
17114
16949
15893
11941
6119
1284
-1527
-3250
-3050
-797
3
345
641
1195
3360
9156
17260
18407
18441
17154
17193
17109
16852
16869
16783
16836
17131
16983
17118
14019
9588
3604
-115
-2429
-3552
-2273
-386
139
384
865
1614
5373
12898
18319
18608
17446
16780
17132
17351
17234
17058
16589
17055
17161
16868
16328
12281
6556
1593
-1532
-3140
-3260
-993
-126
407
611
1117
2929
8544
16672
18100
18355
17220
17490
17386
17279
16978
16951
16882
17294
17274
17581
14282
9678
3711
-77
-2387
-3506
-2372
-431
150
446
809
1655
5250
12394
18350
19029
18102
17345
17087
17061
17176
17293
17014
17194
17393
17064
16168
12166
6283
1446
-1434
-3229
-2950
-891
-9
335
616
1209
2916
8722
17231
18656
18389
17102
16976
17237
17563
17420
17245
17132
17363
17153
17680
13978
9145
3217
-319
-2545
-3541
-1800
-314
204
483
897
1586
5868
13415
18441
18623
17632
17364
17518
17587
17283
17328
17063
17344
17434
17263
15656
11525
5241
857
-1791
-3360
-2942
-654
0
368
643
1305
3920
10069
18015
18772
18572
17628
17615
17368
17247
17425
17259
17489
17686
17280
17197
13146
7433
2164
-981
-2971
-3427
-1210
-65
272
576
1056
2492
7445
15532
18876
19179
17820
17425
17265
17196
17436
17469
17380
17788
17317
17369
14319
9682
3636
-94
-2421
-3544
-2236
-385
159
425
912
1755
5419
12764
19174
19375
17968
17305
17114
17205
17471
17758
17412
17743
17526
17188
15461
11336
5007
750
-1884
-3362
-2789
-607
20
347
732
1395
3892
10493
18847
19318
18471
17283
17200
17238
17503
17835
17414
17656
17638
17122
16422
12556
6536
1605
-1335
-3104
-3096
-929
-125
349
619
1294
2869
8629
17151
19202
18720
17429
17171
17252
17482
17689
17636
17531
17769
17115
17395
13461
7873
2344
-875
-2844
-3258
-1261
-68
303
521
1096
2112
7178
15340
19112
19024
17614
17369
17286
17453
17620
17699
17580
17759
17309
17431
14010
9081
3141
-396
-2587
-3481
-1655
-288
242
462
1031
1757
6239
14061
19120
19132
17843
17382
17293
17369
17375
17791
17717
17798
17358
17236
14536
9921
3774
-58
-2333
-3472
-2077
-362
172
464
913
1600
5350
12896
19365
19340
17975
17478
17337
17366
17488
17762
17751
17922
17475
17116
14794
10442
4197
218
-2148
-3352
-2232
-455
119
417
883
1630
4990
12278
19289
19576
18185
17470
17362
17200
17332
17696
17679
18021
17669
17154
14884
10650
4503
394
-2103
-3396
-2278
-478
128
387
858
1577
4745
11756
18272
8462
7050
5228
3168
729
-1729
-3964
-5972
-7697
-9048
-9756
-9720
-9195
-8145
-6559
-4551
-2418
41
2477
4631
6583
8280
9156
9880
9455
9139
7677
5888
3926
1615
-791
-3174
-5115
-7094
-8512
-9416
-9591
-9447
-8543
-7267
-5237
-3265
-891
1522
3816
5816
7613
9039
9574
9575
9211
8138
6777
4711
2659
143
-2318
-4511
-6622
-8062
-9106
-9817
-9503
-8927
-7766
-6101
-4052
-1859
603
3007
5206
6946
8589
9347
9664
9403
8680
7334
5409
3421
1050
-1418
-3726
-5623
-7474
-8939
-9570
-9574
-9512
-8415
-6686
-4827
-2736
-290
2126
4360
6296
7937
9246
9612
9477
9013
7975
6138
4211
1972
-454
-2861
-4881
-7060
-8338
-9305
-9826
-9467
-8675
-7364
-5594
-3665
-1280
1176
3636
5554
7495
8827
9481
9648
9309
8551
7036
5059
2976
448
-1985
-4304
-6288
-7959
-8964
-9832
-9547
-9100
-7956
-6271
-4264
-2171
323
2709
4842
6609
8241
9444
9669
9440
8955
7432
5633
3728
1374
-1024
-3379
-5342
-7322
-8637
-9469
-9591
-9362
-8377
-6927
-5173
-3145
-678
1762
4068
5944
7739
8918
9577
9525
9304
8014
6590
4488
2340
-151
-2558
-4649
-6750
-8148
-9187
-9656
-9469
-8834
-7630
-5989
-3798
-1549
922
3342
5235
7071
8728
9447
9634
9348
8516
7187
5149
3279
784
-1696
-3894
-5842
-7646
-8907
-9787
-9748
-9202
-8050
-6501
-4571
-2528
-59
2367
4640
6386
8097
9147
9643
9611
8869
7657
5991
4101
1734
-735
-3110
-5103
-7047
-8448
-9375
-9623
-9601
-8564
-7398
-5521
-3320
-952
1469
3833
5689
7517
8762
9739
9613
9252
8233
6675
4696
2631
154
-2264
-4373
-6461
-7980
-9148
-9660
-9541
-8977
-7762
-6183
-4158
-1935
551
2927
4971
7027
8407
9319
9635
9377
8635
7446
5594
3610
1155
-1304
-3596
-5608
-7475
-8757
-9490
-9544
-9465
-8308
-6824
-5030
-2881
-388
2035
4399
6159
7903
8992
9804
9517
9091
7955
6260
4212
2103
-427
-2829
-4888
-6788
-8459
-9330
-9626
-9684
-8946
-7445
-5605
-3587
-1280
1133
3483
5402
7476
8710
9502
9620
9341
8369
6865
5080
2992
531
-1875
-4078
-6099
-7991
-8984
-9770
-9706
-9055
-8103
-6362
-4499
-2245
185
2590
4886
6652
8212
9182
9661
9633
8802
7704
5903
3783
1529
-1010
-3448
-5327
-7194
-8706
-9452
-9598
-9602
-8501
-7085
-5121
-3085
-671
1714
4060
5859
7687
9076
9621
9558
9399
8078
6558
4459
2458
-25
-2488
-4548
-6548
-8115
-9370
-9622
-9700
-8847
-7587
-5862
-3911
-1718
775
3149
5215
7089
8487
9353
9866
9359
8532
7151
5322
3323
904
-1599
-3874
-5826
-7569
-8783
-9746
-9536
-9258
-8380
-6660
-4739
-2557
-112
2283
4529
6341
8049
9101
9682
9493
9196
7736
5974
4101
1783
-649
-3041
-4969
-6981
-8581
-9381
-9615
-9461
-8743
-7210
-5488
-3413
-1089
1390
3693
5619
7645
8775
9530
9583
9232
8193
6851
4839
2756
299
-2171
-4377
-6337
-7917
-9050
-9796
-9481
-8952
-7859
-6197
-4184
-2049
460
2882
4977
6806
8324
9321
9906
9619
8731
7384
5526
3647
1187
-1269
-3604
-5599
-7348
-8700
-9547
-9578
-9511
-8320
-6808
-4878
-2935
-437
2686
5345
8106
10279
11255
11666
11593
10791
9403
7515
5135
2553
-84
-2829
-5295
-7497
-9447
-10532
-11276
-11426
-10808
-9788
-8360
-6127
-3671
-1216
1800
4678
7457
9775
11703
12363
12252
11636
10410
8485
6154
3394
616
-2034
-4789
-7013
-8911
-10482
-11108
-11341
-10900
-9855
-8415
-6254
-3905
-1452
1602
4637
7326
9774
11880
12405
12343
11439
10294
8341
5879
2994
205
-2570
-5381
-7399
-9549
-10717
-11644
-11594
-11061
-9844
-8179
-5841
-3336
-819
2426
5583
8432
10910
12423
13034
12800
11771
10406
8315
5715
2693
-83
-3074
-5857
-8170
-10002
-11297
-12079
-12331
-11419
-10200
-8457
-6052
-3368
-551
2673
5893
8779
11608
13012
13667
13202
12175
10576
8438
5816
2830
7
-3109
-5998
-8388
-10245
-11588
-12349
-12610
-12133
-11311
-9813
-7767
-5029
-1647
1530
5328
9042
12312
14707
15661
15554
14635
13008
10917
8128
4832
1624
-1669
-5029
-7976
-10307
-12158
-13286
-13622
-13605
-12734
-11656
-9792
-7640
-4937
-1401
2208
5716
9444
12738
15385
16795
16164
15118
13326
10916
7796
4358
937
-2343
-5716
-8678
-10770
-12417
-13541
-13835
-13424
-12392
-10978
-9239
-6807
-3810
5
3629
7154
11011
14125
16081
17103
15878
14552
12406
9457
6105
2473
-781
-4244
-7524
-10068
-12065
-13420
-13984
-14121
-13171
-12289
-10496
-8223
-5219
-1446
2519
6121
10146
13503
16051
17581
17428
15664
13857
11231
7867
4245
906
-2667
-6253
-9358
-11836
-13581
-14584
-14732
-14424
-13449
-11867
-9907
-7322
-3531
626
4387
8557
12382
15552
17900
18637
17698
15540
13310
10292
6778
3030
-475
-4312
-7919
-10602
-12843
-14341
-15107
-15313
-14495
-13567
-11592
-9470
-6193
-2024
2266
6130
10343
14101
16928
18809
19289
17674
15338
12544
9199
5358
1803
-1900
-5755
-9153
-11893
-13832
-15020
-15499
-15387
-14707
-13000
-11370
-8489
-4652
-299
3922
8087
12201
15681
18200
19661
19547
17212
14466
11454
7970
4030
514
-3534
-7404
-10413
-12976
-14635
-15630
-16001
-15210
-14277
-12596
-10532
-7146
-2833
1679
5621
9932
13979
17200
19277
20369
19042
15997
13549
10303
6359
2482
-1287
-5220
-8715
-11558
-13925
-15384
-15991
-15744
-15019
-13660
-11985
-9354
-5409
-954
3308
7340
11634
15410
18332
20097
20186
18141
14993
12296
8807
4767
1209
-2757
-6704
-9939
-12658
-14631
-15789
-16103
-15333
-14627
-12954
-11124
-7873
-3651
870
4862
9160
13290
16760
19073
20600
19657
16853
14153
11018
7243
3214
-532
-4571
-8230
-11096
-13569
-15255
-15986
-15892
-15118
-13940
-12351
-9930
-6112
-1674
2724
6646
10998
14902
17970
20029
20373
18744
15436
12786
9329
5361
1641
-2220
-6145
-9514
-12339
-14405
-15654
-16098
-15491
-14826
-13202
-11506
-8326
-4182
366
4469
8630
12843
16428
18880
20299
19944
17389
14263
11339
7740
3625
9
-4094
-7873
-10855
-13397
-15058
-15847
-16009
-15158
-14101
-12534
-10209
-6544
-2056
2388
6347
10710
14605
17773
19700
20540
18970
15739
13084
9636
5532
1821
-2074
-6028
-9362
-12131
-14327
-15589
-16011
-15404
-14825
-13296
-11595
-8446
-4312
266
4414
8567
12768
16357
18859
20240
20082
17558
14295
11263
7555
3546
-26
-4075
-7830
-10816
-13407
-15085
-15763
-15991
-15186
-14048
-12517
-10106
-6334
-1898
2508
6534
10888
14797
17910
19914
20539
18919
15523
12806
9418
5339
1696
-2247
-6297
-9587
-12338
-14402
-15498
-16097
-15306
-14706
-13149
-11395
-8015
-3875
693
4753
9027
13197
16706
19020
20551
19915
17170
14009
10966
7145
3198
-575
-4740
-8376
-11202
-13649
-15131
-15777
-15799
-15080
-13742
-12289
-9570
-5571
-1085
3248
7285
11623
15438
18089
20138
20097
18513
14980
12207
8568
4456
837
-3156
-7076
-10066
-12821
-14619
-15510
-15941
-15451
-14369
-12909
-10770
-7069
-2796
1783
5749
10086
14162
17439
19415
20450
19383
16262
13215
9826
5833
2150
-1656
-5691
-9169
-12006
-14173
-15262
-15750
-15458
-15126
-13331
-11626
-8364
-4255
301
4534
8741
12952
16521
18688
20349
19695
17485
13930
10905
7066
3217
-388
-4486
-8290
-11212
-13617
-14976
-15636
-15510
-15316
-13738
-12286
-9415
-5422
-962
3360
7499
11834
15620
18333
19919
20234
18291
14633
11838
8274
4196
642
-3402
-7369
-10452
-13059
-14734
-15549
-15812
-15158
-14197
-12702
-10330
-6483
-2058
2318
6460
10849
14770
17806
19615
20180
18880
15610
12584
9182
4961
1483
-2533
-6547
-9987
-12556
-14433
-15354
-15868
-15104
-14491
-13014
-10991
-7348
-2996
1463
5573
9930
14032
17377
19323
20248
19295
16358
13182
9859
5828
2147
-1705
-5852
-9335
-12094
-14169
-15278
-15648
-15204
-14686
-13281
-11514
-8035
-3757
712
4811
9278
13415
16914
19056
20224
19530
16849
13636
10413
6432
2672
-1122
-5217
-8915
-11771
-13833
-14960
-15619
-15167
-14796
-13431
-11820
-8507
-4324
195
4329
8762
12951
16536
18689
20128
19561
17439
13872
10776
6909
3041
-662
-4753
-8534
-11504
-13686
-14844
-15583
-15255
-14857
-13522
-12040
-8851
-4662
-207
3940
8289
12685
16359
18695
20031
19619
17446
14020
11009
7202
3269
-416
-4448
-8319
-11314
-13549
-14946
-15508
-15260
-14894
-13606
-12110
-9141
-4939
-448
3784
8074
12493
16153
18642
19804
19859
17578
13202
4629
6671
8216
9189
9700
9764
8860
7610
5984
3970
1566
-707
-3128
-5323
-7235
-8534
-9376
-9686
-9563
-8534
-7323
-5534
-3196
-788
1473
3936
5963
7670
8756
9532
9674
9216
8185
6688
4711
2407
80
-2278
-4502
-6607
-8079
-9046
-9681
-9834
-8961
-7908
-6103
-4102
-1685
645
2931
5140
7245
8449
9574
9964
9678
8797
7382
5474
3299
979
-1283
-3665
-5809
-7635
-8747
-9743
-9893
-9205
-8386
-6745
-4990
-2614
-218
2065
4408
6459
8018
9004
9824
9577
8991
7831
6249
4269
1822
-456
-2926
-5134
-6924
-8526
-9240
-9691
-9501
-8717
-7518
-5641
-3538
-1077
1176
3499
5758
7493
8653
9533
9747
9359
8355
6992
4968
2722
385
-1891
-4192
-6265
-7977
-9165
-9663
-9649
-9215
-7892
-6455
-4435
-2024
338
2633
5008
7028
8473
9447
9688
9469
8914
7618
5913
3632
1275
-995
-3417
-5549
-7348
-8607
-9401
-9861
-9328
-8425
-7004
-5170
-2962
-490
1748
4145
6108
7809
8863
9626
9704
9162
8034
6488
4454
2145
-168
-2484
-4703
-6676
-8421
-9379
-9726
-9581
-8815
-7535
-5895
-3786
-1436
850
3258
5387
7437
8536
9450
9714
9347
8455
7238
5294
3083
710
-1556
-3941
-6037
-7900
-8823
-9554
-9637
-9318
-8119
-6590
-4742
-2328
43
2324
4617
6717
8088
9264
9657
9802
8925
7699
6036
3915
1589
-714
-3063
-5216
-7123
-8485
-9385
-9749
-9478
-8759
-7166
-5397
-3212
-838
1407
3732
5865
7680
8944
9579
9699
9198
8166
6680
4744
2482
166
-2192
-4443
-6637
-8279
-9053
-9635
-9561
-8923
-7777
-6161
-4126
-1782
575
2928
5149
7050
8372
9289
9658
9447
8669
7507
5592
3368
990
-1271
-3624
-5715
-7659
-8883
-9707
-9715
-9310
-8325
-6957
-4915
-2641
-272
1957
4285
6443
8140
9174
9870
9667
9030
7849
6266
4223
1906
-355
-2772
-4951
-6933
-8573
-9485
-9709
-9477
-8871
-7385
-5711
-3589
-1207
1092
3494
5666
7443
8594
9649
9683
9302
8529
6967
5197
2816
467
-1888
-4264
-6220
-7881
-8898
-9597
-9673
-9131
-8008
-6550
-4406
-2067
278
2582
4778
6762
8402
9207
9713
9588
8817
7500
5927
3660
1354
-907
-3272
-5538
-7337
-8789
-9466
-9753
-9373
-8586
-6997
-5223
-3000
-604
1666
4002
6245
7972
8853
9779
9836
9275
8026
6539
4646
2238
-58
-2488
-4705
-6691
-8199
-9105
-9642
-9553
-8885
-7654
-5996
-3962
-1483
833
3231
5336
7323
8452
9567
9909
9439
8560
7164
5331
3181
762
-1520
-3816
-5888
-7687
-8809
-9605
-9913
-9204
-8136
-6606
-4699
-2429
-49
2205
4503
6548
8135
9123
9683
9755
8880
7688
6090
4027
1702
-578
-3001
-5308
-7106
-8628
-9335
-9691
-9430
-8625
-7280
-5548
-3347
-915
1360
3796
5829
7558
8858
9510
9680
9268
8274
6789
4939
2549
212
-2118
-4437
-6341
-8151
-9004
-9877
-9839
-9016
-7814
-6316
-4162
-1830
493
2785
5006
7117
8388
9336
9931
9672
8832
7317
5601
3447
1120
-1121
-3529
-5698
-7512
-8690
-9689
-9697
-9269
-8298
-6872
-5033
-2766
-357
1946
4275
6330
7930
9128
9620
9613
9069
8086
6363
4304
1961
-321
-2758
-4894
-6815
-8288
-9381
-9699
-10848
-10745
-9850
-7996
-5772
-2855
281
3402
6299
8820
10814
11808
12098
11976
10971
9241
7411
4947
2352
-371
-2804
-5241
-7420
-8942
-10009
-10779
-11369
-11402
-10878
-9177
-6863
-4413
-1295
1929
5058
7772
10050
11735
12272
12267
11473
9832
7846
5636
2919
172
-2492
-4821
-7018
-8614
-9859
-10618
-11265
-11339
-10520
-9025
-6773
-4203
-1078
2147
5411
8204
10516
12122
12246
11976
11243
9570
7681
5078
2417
-518
-3114
-5533
-7735
-9283
-10402
-11425
-12000
-11881
-10968
-8896
-6449
-3634
-342
3017
6330
9152
11452
12800
13029
12446
11562
9866
7630
5056
2176
-803
-3428
-5999
-8234
-9975
-11006
-11807
-12417
-12252
-11246
-9330
-6635
-3703
-413
3083
6370
9266
11613
13179
13469
13051
11943
10172
7900
5281
2354
-673
-3599
-7145
-10338
-12927
-14587
-15702
-15608
-14935
-13091
-10560
-7395
-4020
-503
3263
6854
10209
12915
14896
15512
15341
14404
12785
10548
7963
4961
1669
-1542
-4596
-8243
-11375
-13889
-15791
-16808
-16506
-15468
-13476
-10804
-7571
-3812
-335
3515
7229
10558
13116
15088
15634
15391
14346
12590
10035
7294
4196
863
-2384
-5540
-9158
-12443
-14624
-16387
-17167
-16667
-14904
-12833
-9763
-6067
-2248
1243
5221
8892
11864
14304
15602
15621
15192
13769
11600
8698
5537
2181
-1176
-4354
-8288
-11930
-14510
-16417
-17771
-17753
-16380
-14406
-11406
-7888
-3925
-129
3584
7606
11128
13853
15829
16495
16213
15073
13111
10496
7440
4005
388
-3063
-6819
-10876
-14077
-16550
-18179
-18806
-17964
-16351
-13709
-10380
-6538
-2316
1517
5375
9397
12721
15419
16728
16762
16319
14802
12421
9623
6255
2633
-1052
-4565
-8945
-12782
-15590
-17929
-19215
-19354
-18100
-15935
-13010
-9317
-5159
-966
2954
6986
10776
13988
16365
17246
17201
16257
14457
11792
8494
4942
1216
-2485
-6432
-10852
-14474
-16968
-19056
-19982
-19482
-17884
-15285
-11936
-7956
-3568
692
4551
8552
12249
15344
17221
17662
17207
15660
13462
10614
7202
3435
-432
-4084
-8652
-12837
-15867
-18496
-20058
-20274
-19003
-17021
-14185
-10506
-6256
-1762
2376
6068
10254
13776
16555
17420
17474
16704
14976
12446
9353
5677
1818
-2025
-5952
-10527
-14243
-17166
-19343
-20367
-19983
-18308
-16043
-12860
-8973
-4508
-49
3911
7662
11649
14959
17144
17880
17445
16084
13980
11251
7971
4181
222
-3445
-7883
-12258
-15526
-18227
-19957
-20436
-19373
-17511
-14854
-11362
-7168
-2602
1644
5409
9457
13153
16164
17479
17624
16892
15335
12953
9980
6362
2453
-1461
-5260
-9873
-13761
-16792
-19128
-20371
-20161
-18660
-16499
-13455
-9633
-5273
-745
3365
7001
11076
14470
17004
17566
17487
16379
14354
11646
8394
4644
723
-3043
-7319
-11822
-15187
-17990
-19856
-20519
-19676
-17830
-15274
-11854
-7740
-3187
1170
5010
8835
12679
15848
17446
17778
17004
15406
13139
10292
6720
2801
-1155
-4889
-9560
-13511
-16587
-19034
-20346
-20301
-18842
-16740
-13746
-9992
-5601
-1069
3076
6739
10853
14287
16816
17427
17455
16335
14448
11808
8543
4763
804
-2901
-7209
-11712
-15115
-17949
-19927
-20535
-19742
-17901
-15356
-11944
-7812
-3285
1105
5014
8787
12584
15738
17254
17735
17213
15445
13084
10104
6591
2684
-1209
-5036
-9752
-13632
-16708
-19166
-20471
-20226
-18787
-16627
-13627
-9822
-5450
-843
3288
6894
10969
14448
16866
17508
17495
16149
14143
11471
8250
4405
500
-3208
-7706
-12089
-15416
-18069
-20005
-20559
-19531
-17690
-15042
-11543
-7346
-2763
1581
5421
9275
13065
16120
17454
17532
16834
15112
12705
9686
5966
2042
-1792
-5810
-10506
-14161
-17181
-19248
-20344
-20152
-18498
-16213
-13011
-8963
-4606
-130
4022
7640
11677
14978
16938
17307
17220
15888
13716
10835
7328
3473
-388
-4107
-8815
-12929
-16138
-18566
-20248
-20546
-19139
-17118
-14250
-10559
-6214
-1679
2619
6363
10301
13844
16458
17279
17420
16528
14480
11796
8589
4757
901
-2848
-7293
-11732
-15151
-17880
-19851
-20545
-19921
-17863
-15257
-11798
-7563
-3089
1282
5286
8976
12805
15685
17196
17520
16846
15189
12559
9572
5863
2031
-1838
-5886
-10619
-14244
-17178
-19257
-20276
-20166
-18429
-16091
-12848
-8838
-4342
156
4232
7824
11854
15198
17048
17312
16854
15625
13270
10431
6873
3014
-872
-4644
-9510
-13442
-16578
-18851
-20109
-20264
-18961
-16753
-13698
-9848
-5444
-872
3290
7033
11008
14502
16627
17303
16980
15957
14098
11050
7680
3836
-43
-3700
-8469
-12728
-15975
-18440
-19920
-20375
-19296
-17240
-14385
-10707
-6346
-1738
2497
6326
10250
13879
16491
17213
17269
16225
14342
11614
8365
4526
615
-3053
-7570
-12094
-15517
-18090
-19755
-20430
-19468
-17730
-14924
-11342
-7070
-2452
1821
5717
9652
13372
16192
17157
17297
16399
14654
12085
8788
4949
1143
-2617
-6930
-11569
-15104
-17767
-19540
-20408
-19682
-17999
-15301
-11807
-7537
-3005
1330
5367
9126
12964
15938
17094
17313
16526
14842
12396
9139
5337
1539
-2295
-6417
-11153
-14789
-17568
-19274
-20183
-19508
-18094
-15652
-12182
-7962
-3394
978
4968
8747
12701
15745
17089
17118
16601
15138
12514
9325
5612
1758
-2066
-6141
-10890
-14592
-17565
-19376
-20160
-19717
-18172
-15748
-12301
-8151
-3569
842
4829
10765
13640
14281
14923
15566
16210
472
1119
1768
2418
3068
3718
4367
5014
5660
6306
6951
7596
8242
8888
9534
10180
10825
11470
12114
12757
13398
14040
14682
15325
15968
229
876
1525
2174
2825
3475
4125
4773
5420
6065
6711
7356
8001
8646
9293
9939
10583
11228
11872
12516
13157
13798
14440
15082
15725
16370
632
1281
1930
2579
3229
3879
4528
5174
5820
6466
7112
7756
8402
9048
9694
10340
10985
11629
12273
12916
13557
14199
14841
15484
16128
389
1037
1686
2335
2985
3635
4285
4933
5579
6225
6871
7516
8161
8806
9452
10099
10743
11388
12031
12674
13315
13956
14598
15240
15884
144
791
1440
2089
2739
3389
4039
4687
5334
5979
6624
7270
7915
8560
9206
9853
10498
11143
11787
12430
13072
13714
14355
14997
15640
16284
546
1194
1843
2493
3143
3793
4442
5089
5735
6381
7026
7672
8317
8962
9609
10255
10899
11544
12187
12830
13470
14111
14753
15395
16039
300
947
1596
2245
2896
3546
4196
4843
5489
6135
6780
7425
8070
8716
9362
10008
10653
11298
11942
12585
13227
13868
14509
15152
15795
56
703
1351
2000
2650
3300
3950
4598
5245
5891
6537
7182
7827
8473
9119
9766
10411
11055
11700
12344
12986
13627
14268
14910
15553
16196
458
1106
1755
2404
3054
3704
4354
5000
5647
6292
6938
7583
8228
8873
9520
10166
10811
11455
12099
12742
13384
14025
14667
15309
15953
214
861
1510
2159
2809
3459
4108
4756
5403
6048
6694
7339
7985
8630
9276
9923
10568
11213
11857
12500
13142
13783
14425
15067
15710
16354
615
1263
1912
2561
3211
3861
4509
5156
5802
6448
7093
7738
8383
9029
9675
10321
10965
11610
12254
12896
13538
14179
14821
15464
16107
369
1016
1665
2314
2965
3615
4264
4911
5557
6203
6848
7493
8138
8784
9431
10077
10722
11367
12011
12654
13295
13937
14579
15221
15864
124
771
1419
2068
2717
3367
4017
4665
5311
5957
6602
7248
7893
8538
9184
9831
10476
11121
11765
12409
13051
13692
14334
14976
15619
16263
524
1172
1822
2471
3121
3771
4420
5067
5713
6359
7004
7649
8295
8940
9587
10233
10878
11523
12167
12810
13452
14093
14735
15378
16021
282
929
1578
2227
2877
3526
4175
4822
5469
6114
6759
7405
8050
8695
9341
9988
10633
11278
11922
12565
13207
13848
14489
15132
15775
35
681
1329
1978
2628
3278
3927
4576
5222
5868
6514
7159
7804
8450
9095
9742
10387
11032
11677
12320
12963
13604
14246
14888
15531
16174
436
1084
1733
2382
3032
3681
4330
4977
5623
6268
6913
7558
8203
8849
9496
10142
10787
11432
12076
12719
13360
14002
14643
15286
15929
190
837
1486
2134
2784
3434
4084
4732
5378
6024
6670
7315
7960
8606
9252
9899
10544
11189
11833
12477
13119
13760
14402
15044
15688
16332
594
1242
1892
2541
3191
3841
4490
5136
5782
6427
7072
7717
8362
9008
9654
10300
10945
11589
12233
12877
13518
14159
14801
15444
16087
348
996
1645
2294
2944
3594
4243
4891
5537
6183
6828
7474
8119
8770
9450
10163
10896
11630
12337
13003
13624
14209
14772
15325
15879
52
614
1183
1758
2338
2924
3515
4110
4709
5312
5919
6528
7142
7760
8389
9042
9732
10455
11192
11926
12633
13296
13914
14496
15057
15611
16167
346
917
1497
2085
2681
3284
3893
4508
5129
5754
6384
7018
7657
8306
8978
9687
10431
11188
11939
12663
13341
13971
14563
15134
15698
16267
457
1039
1629
2226
2831
3442
4057
4678
5302
5931
6563
7198
7838
8490
9170
9886
10624
11366
12097
12798
13455
14068
14651
15216
15779
16345
534
1113
1699
2292
2892
3497
4107
4722
5340
5963
6588
7217
7851
8499
9177
9890
10621
11354
12076
12773
13427
14040
14621
15185
15746
16312
499
1078
1663
2256
2856
3461
4070
4683
5304
5947
6623
7327
8041
8753
9453
10134
10796
11443
12076
12694
13286
13852
14395
14926
15453
15985
140
686
1241
1803
2373
2951
3536
4125
4721
5326
5956
6623
7319
8031
8743
9443
10126
10789
11436
12068
12688
13287
13858
14405
14937
15465
15998
155
705
1265
1835
2415
3004
3601
4204
4816
5440
6095
6789
7509
8240
8965
9675
10362
11028
11677
12310
12930
13528
14098
14646
15184
15723
16269
440
1004
1579
2164
2758
3360
3968
4584
5209
5860
6545
7255
7976
8694
9400
10085
10750
11397
12029
12648
13254
13834
14392
14935
15474
16020
189
750
1320
1900
2490
3087
3691
4301
4918
5554
6221
6913
7619
8327
9026
9710
10374
11020
11651
12269
12877
13470
14039
14589
15129
15670
16219
391
955
1529
2113
2706
3305
3911
4524
5146
5795
6472
7168
7872
8574
9263
9935
10588
11225
11849
12461
13062
13648
14212
14759
15300
15846
16
577
1147
1727
2317
2916
3521
4133
4751
5387
6051
6737
7437
8140
8835
9516
10179
10824
11454
12071
12677
13273
13853
14412
14958
15503
16055
231
799
1376
1964
2561
3166
3776
4394
5021
5671
6346
7039
7738
8436
9123
9794
10446
11082
11705
12316
12916
13506
14077
14630
15176
15725
16282
463
1035
1617
2209
2810
3418
4032
4653
5289
5949
6631
7325
8023
8715
9394
10055
10699
11328
11945
12550
13145
13729
14292
14842
15389
15942
119
687
1264
1851
2448
3054
3666
4284
4910
5557
6227
6916
7612
8308
8994
9666
10320
10958
11581
12193
12794
13386
13962
14519
15068
15618
16175
356
929
1512
2104
2706
3315
3931
4553
5188
5846
6525
7217
7914
8606
9286
9950
10596
11227
11845
12452
13049
13636
14204
14757
15306
15860
37
606
1183
1771
2368
2975
3588
4207
4834
5479
6148
6834
7529
8224
8911
9584
10239
10878
11503
12116
12718
13311
13891
14452
15002
15554
16112
294
868
1452
2045
2648
3259
3876
4499
5134
5792
6470
7162
7858
8551
9232
9897
10545
11177
11796
12404
13003
13591
14163
14719
15269
15825
4
576
1155
1744
2343
2952
3566
4188
4816
5463
6132
6819
7514
8209
8897
9570
10226
10866
11491
12105
12708
13302
13884
14447
15000
15553
16113
298
874
1460
2055
2660
3273
3893
4519
5157
5817
6497
7189
7886
8579
9260
9925
10572
11204
11823
12431
13030
13619
14192
14749
15302
15860
41
615
1198
1790
2392
3003
3620
4244
4875
5527
6199
6888
7585
8280
8967
9640
10294
10933
11558
12171
12774
13368
13950
14513
15067
15623
16187
374
954
1543
2142
2751
3367
3989
4618
5262
5928
6612
7307
8005
8697
9377
10039
10684
11314
11933
12541
13139
13727
14298
14855
15410
15972
157
735
1322
1919
2525
3139
3760
4387
5025
5683
6362
7055
7753
8449
9134
9803
10455
11091
11714
12326
12928
13521
14099
14661
15216
15776
16344
535
1120
1714
2318
2932
3552
4178
4813
5465
6138
6828
7527
8225
8915
9591
10250
10891
11518
12135
12741
13338
13923
14490
15047
15607
16174
364
947
1540
2142
2755
3374
3999
4631
5278
5947
6633
7331
8030
8724
9405
10069
10715
11346
11966
12576
13176
13766
14338
14898
15457
16022
212
793
1385
1985
2596
3216
3841
4472
5115
5779
6462
7158
7859
8556
9241
9910
10561
11196
11819
12432
13035
13629
14207
14770
15329
15894
83
664
1255
1855
2465
3083
3708
4339
4980
5640
6320
7015
7716
8415
9104
9777
10431
11070
11696
12311
12917
13513
14096
14662
15222
15787
16359
555
1145
1744
2353
2971
3597
4228
4867
5525
6203
6896
7597
8298
8990
9667
10326
10968
11597
12214
12823
13421
14008
14577
15138
15703
16275
471
1060
1660
2269
2887
3512
4144
4782
5438
6115
6808
7509
8211
8906
9586
10247
10892
11522
12142
12752
13353
13942
14514
15076
15641
16213
409
998
1597
2206
2825
3450
4082
4721
5376
6052
6744
7445
8148
8844
9527
10191
10839
11471
12092
12704
13306
13898
14471
15034
15600
16173
370
960
1559
2169
2788
3414
4047
4687
5342
6017
6709
7411
8115
8813
9497
10163
10811
11445
12067
12680
13284
13878
