1651 9 b000 1 4718 9
-196
-210
-211
-201
-179
-146
-105
-58
-7
42
91
134
169
194
209
212
202
181
150
109
63
11
-40
-89
-131
-167
-194
-208
106
146
179
202
212
211
196
171
136
93
43
-7
-58
-105
-146
-179
-200
-211
-209
-195
-170
-135
-92
-44
6
56
103
145
178
200
211
210
197
173
138
95
47
-2
-54
-102
-143
-177
-200
-211
-209
-196
-172
-137
-94
-46
2
54
101
142
177
199
211
211
198
174
140
97
48
-2
-52
-100
-142
-175
-199
-199
-211
-210
-197
-173
-139
-97
-48
2
50
98
139
198
211
211
199
176
142
100
52
1
-49
-97
-139
-174
-198
-211
-210
-198
-174
-141
-99
-51
-1
48
96
138
173
197
211
211
200
177
144
102
54
3
-48
-97
-139
-173
-197
-210
-210
-199
-176
-143
-101
-53
-3
48
94
137
171
197
210
212
201
179
146
105
56
6
-44
-93
-136
-171
-196
-210
-211
-200
-177
-145
-104
-56
-5
44
92
135
170
196
210
212
202
180
147
107
59
7
-43
-92
-135
-171
-212
-201
-180
-148
-108
-61
-10
40
88
132
166
193
208
212
203
182
151
111
64
13
-37
-86
-132
-168
-194
-209
-212
-202
-181
-150
-109
-63
-13
37
87
130
167
193
208
212
204
184
153
113
67
17
-35
-84
-128
-164
-191
-207
-212
-203
-182
-151
-112
-65
-15
34
83
127
164
191
208
212
204
185
155
115
69
18
-32
-82
-127
-165
-192
-208
-213
-204
-184
-153
-114
-68
-17
33
81
126
164
191
208
213
205
186
157
118
71
21
-29
-78
-124
-162
-190
-206
-211
-204
-185
-155
-116
-70
-20
30
79
124
161
189
206
213
206
187
158
120
74
24
-26
-77
-122
-161
-189
-207
-213
-206
-186
-157
-118
-73
-23
28
77
122
160
190
207
213
207
189
160
122
77
26
-24
-74
-119
-158
-188
-206
-212
-205
-187
-158
-120
-75
-24
26
75
120
158
187
207
213
207
190
162
124
79
28
-22
-72
-117
-157
-187
-206
-213
-207
-189
-160
-122
-77
-27
22
73
117
157
187
206
213
208
191
163
126
81
32
-19
-70
-114
-155
-185
-205
-212
-207
-190
-162
-124
-79
-30
21
71
115
154
185
205
213
209
192
165
128
83
34
-18
-68
-114
-153
-180
-205
-212
-208
-191
-163
-126
-81
-32
18
68
114
153
185
204
213
209
193
166
130
86
37
-14
-64
-111
-151
-183
-203
-212
-208
-192
-165
-128
-84
-34
16
67
112
151
182
204
212
210
194
168
132
88
39
-12
-62
-109
-149
-182
-202
-212
-209
-193
-166
-129
-85
-36
14
64
110
150
181
202
213
210
195
169
135
94
50
3
-43
-90
-135
-173
-200
-213
-211
-196
-171
-141
-105
-65
-21
23
68
112
151
184
207
216
213
197
173
142
106
66
22
-22
-69
-114
-157
-191
-213
-220
-213
-194
-166
-132
-93
-53
-8
36
82
127
169
201
221
227
217
195
165
129
88
43
-5
-53
-102
-149
-190
-219
-233
-229
-210
-179
-142
-100
-54
-5
43
94
142
185
220
242
244
230
201
163
119
71
20
-33
-85
-140
-189
-229
-253
-258
-243
-212
-170
-123
-72
-19
35
90
145
195
237
265
274
262
234
192
141
82
18
-49
-117
-178
-226
-259
-278
-283
-276
-255
-222
-178
-129
-77
-23
32
90
145
197
243
280
304
309
295
262
214
157
91
20
-53
-126
-192
-247
-288
-316
-327
-323
-304
-269
-223
-170
-111
-50
10
72
132
192
250
302
339
359
354
329
284
224
153
74
-9
-95
-176
-251
-311
-355
-377
-379
-366
-336
-291
-232
-164
-93
-21
48
118
191
261
326
378
412
421
405
364
300
220
128
31
-68
-169
-264
-345
-405
-436
-452
-443
-415
-368
-302
-223
-137
-49
36
121
207
289
366
432
481
503
493
450
379
287
182
67
-50
-168
-278
-371
-445
-496
-521
-521
-495
-447
-380
-296
-201
-103
-5
89
181
269
351
424
482
517
524
499
445
366
267
157
40
-76
-188
-291
-380
-451
-498
-522
-520
-495
-448
-382
-300
-207
-110
-13
80
171
259
340
414
474
512
525
508
462
390
299
194
81
-33
-145
-250
-344
-421
-479
-513
-524
-511
-476
-421
-349
-264
-170
-75
19
111
199
284
362
431
485
518
524
501
451
377
285
181
69
-43
-153
-256
-347
-423
-479
-513
-524
-512
-479
-426
-356
-273
-182
-88
4
95
183
267
345
416
474
512
525
511
469
404
318
219
111
0
-109
-214
-310
-392
-456
-500
-522
-521
-498
-456
-395
-320
-233
-142
-50
40
128
213
294
369
436
487
518
524
503
455
385
298
198
90
-18
-126
-229
-322
-401
-462
-503
-522
-520
-496
-454
-394
-319
-234
-144
-53
35
122
206
286
360
427
481
515
525
509
467
403
320
224
120
12
-95
-198
-293
-375
-442
-490
-517
-523
-509
-474
-422
-355
-275
-188
-99
-11
75
159
240
317
388
449
495
521
522
498
450
380
295
197
93
-12
-117
-218
-309
-388
-451
-495
-519
-523
-506
-471
-419
-352
-273
-188
-100
-13
71
153
233
309
379
441
489
518
524
505
463
399
318
225
125
21
-82
-183
-276
-359
-428
-479
-512
-524
-516
-490
-447
-388
-316
-235
-150
-64
19
102
182
259
332
399
457
499
522
522
498
451
385
303
210
110
8
-93
-192
-283
-364
-431
-480
-512
-524
-517
-492
-450
-393
-323
-245
-162
-78
5
86
165
241
313
381
441
488
517
525
509
471
413
338
251
156
56
-44
-143
-237
-322
-396
-454
-496
-519
-523
-510
-479
-432
-372
-301
-222
-140
-58
23
102
179
253
323
389
447
491
518
524
508
471
413
340
255
162
64
-34
-132
-224
-310
-384
-444
-489
-515
-524
-515
-489
-448
-393
-327
-251
-172
-92
-12
66
142
215
286
354
415
467
504
523
521
498
454
393
318
232
139
42
-54
-149
-239
-321
-392
-450
-491
-516
-524
-515
-489
-449
-395
-330
-257
-179
-100
-22
53
128
201
271
338
400
454
495
519
524
509
473
419
351
270
182
89
-5
-100
-191
-276
-353
-417
-468
-503
-521
-523
-508
-479
-436
-380
-314
-241
-165
-89
-12
61
134
205
273
338
399
452
493
518
525
511
479
429
364
287
202
112
19
-73
-164
-249
-328
-395
-450
-490
-515
-524
-517
-495
-460
-411
-352
-284
-211
-137
-62
11
83
153
222
288
351
409
460
498
520
524
509
476
427
363
288
205
117
26
-64
-153
-238
-315
-384
-440
-482
-510
-523
-521
-504
-474
-431
-377
-313
-244
-172
-99
-27
43
113
181
246
310
370
425
472
505
523
523
505
469
419
355
281
200
113
25
-63
-150
-233
-310
-377
-434
-477
-507
-522
-522
-509
-483
-444
-394
-335
-268
-199
-128
-57
11
79
146
211
274
335
392
443
485
512
525
520
498
460
407
343
270
190
105
19
-67
-152
-233
-307
-374
-429
-473
-183
-153
-114
-67
-18
34
82
127
164
192
209
213
205
185
154
114
68
18
-33
-82
-126
-163
-190
-207
-211
-204
-184
-154
-115
-70
-21
29
79
124
163
191
208
212
205
186
156
116
71
21
-29
-78
-123
-161
-189
-206
-211
-204
-186
-156
-117
-72
-23
28
77
123
161
189
208
213
206
187
158
119
73
23
-27
-77
-121
-159
-188
-206
-212
-205
-187
-158
-120
-75
-25
25
74
119
157
188
206
212
206
188
160
121
76
25
-25
-73
-118
-157
-187
-205
-211
-205
-188
-160
-122
-77
-27
22
72
117
157
186
206
213
208
190
161
123
78
28
-22
-71
-117
-155
-186
-205
-212
-207
-189
-161
-124
-79
-30
21
69
114
153
185
206
213
208
191
163
125
80
31
-21
-71
-115
-153
-184
-204
-211
-207
-190
-163
-126
-81
-33
18
68
114
153
184
205
213
209
192
164
126
82
33
-18
-67
-113
-152
-183
-203
-212
-208
-191
-164
-128
-84
-36
15
65
111
151
182
203
212
209
193
166
130
85
36
-15
-65
-111
-151
-182
-202
-212
-208
-192
-166
-130
-86
-38
13
63
109
149
181
203
213
209
194
167
131
87
37
-13
-63
-110
-150
-181
-202
-211
-208
-194
-167
-132
-88
-40
9
59
106
148
180
202
212
210
195
169
133
90
42
-9
-60
-108
-148
-180
-201
-211
-209
-194
-169
-134
-91
-43
7
57
105
146
179
201
212
210
196
170
134
91
43
-9
-59
-106
-145
-178
-200
-211
-209
-196
-171
-135
-93
-45
5
55
102
143
176
201
212
210
197
172
137
94
46
-3
-55
-102
-143
-176
-200
-211
-210
-196
-172
-138
-96
-48
2
53
100
142
175
200
211
211
198
174
139
96
47
-3
-55
-101
-142
-176
-199
-210
-210
-198
-173
-139
-97
-49
0
51
97
139
174
198
211
211
199
175
141
98
51
0
-50
-97
-140
-174
-198
-211
-211
-198
-175
-141
-100
-52
-1
48
95
137
173
197
211
212
200
176
143
100
52
1
-49
-97
-139
-173
-197
-210
-211
-199
-176
-143
-102
-54
-3
46
94
135
170
197
210
211
201
178
145
103
55
4
-45
-93
-136
-170
-196
-210
-211
-200
-178
-145
-104
-57
-5
44
91
134
169
196
210
212
202
179
146
107
57
6
-45
-93
-136
-171
-196
-210
-211
-201
-179
-147
-106
-59
-8
42
91
132
168
194
209
212
202
181
148
107
60
9
-41
-89
-133
-168
-194
-209
-211
-202
-180
-148
-108
-61
-11
40
87
130
167
193
208
212
203
182
150
109
63
12
-40
-88
-133
-169
-195
-209
-212
-202
-181
-150
-110
-64
-13
37
87
131
165
190
206
212
207
191
163
123
74
17
-35
-85
-125
-158
-182
-201
-211
-212
-202
-183
-152
-112
-63
-11
40
88
128
160
186
204
214
215
205
185
152
108
55
0
-54
-103
-142
-173
-197
-212
-220
-217
-206
-183
-149
-103
-49
9
63
113
152
183
206
221
228
223
206
177
134
79
16
-44
-100
-147
-183
-209
-227
-236
-233
-220
-194
-156
-104
-41
24
87
139
182
212
234
245
246
234
210
170
115
49
-21
-89
-148
-193
-225
-246
-257
-258
-247
-223
-184
-131
-65
7
78
142
193
231
259
274
273
256
223
175
119
58
-5
-69
-132
-187
-231
-261
-281
-291
-292
-283
-262
-228
-180
-120
-49
26
102
170
224
267
296
313
313
295
260
211
150
83
11
-61
-130
-194
-247
-288
-317
-335
-339
-333
-315
-286
-243
-184
-110
-26
61
145
219
280
326
355
365
357
329
282
218
142
60
-22
-105
-183
-256
-316
-360
-385
-395
-392
-379
-356
-316
-258
-179
-85
16
121
219
303
366
406
426
426
405
360
292
206
110
9
-90
-186
-276
-352
-412
-449
-468
-471
-459
-433
-390
-326
-240
-133
-12
113
232
336
416
473
504
511
493
445
370
277
170
56
-59
-170
-272
-360
-432
-484
-514
-524
-516
-492
-450
-390
-309
-207
-90
35
162
278
377
452
501
523
519
490
436
361
268
162
50
-62
-171
-271
-358
-429
-481
-512
-524
-518
-495
-456
-399
-322
-225
-113
9
133
249
351
432
488
519
524
504
461
396
312
213
106
-5
-114
-218
-311
-390
-452
-495
-518
-524
-512
-485
-441
-379
-298
-199
-85
35
156
269
365
441
493
520
523
502
458
393
310
213
107
-2
-110
-212
-304
-384
-447
-491
-516
-524
-515
-491
-451
-394
-319
-225
-117
1
121
235
336
417
477
513
525
513
479
423
348
258
157
50
-57
-161
-258
-343
-414
-469
-504
-521
-522
-508
-479
-434
-372
-292
-194
-84
33
151
261
356
432
486
517
525
509
472
414
338
247
147
41
-64
-167
-261
-345
-415
-468
-504
-521
-523
-510
-482
-440
-381
-304
-210
-103
12
129
239
336
416
475
511
525
516
486
435
366
281
185
82
-22
-125
-222
-310
-385
-445
-489
-514
-524
-519
-499
-466
-418
-353
-271
-173
-63
51
165
271
362
435
486
517
525
511
477
424
352
266
171
69
-33
-134
-229
-315
-388
-447
-489
-514
-524
-519
-501
-469
-424
-362
-283
-189
-83
29
142
248
341
417
474
510
525
518
492
446
382
303
212
114
12
-88
-184
-273
-352
-417
-468
-502
-520
-524
-514
-491
-456
-406
-340
-258
-161
-54
56
166
268
357
429
481
513
525
516
488
441
377
299
209
113
13
-85
-180
-268
-346
-412
-463
-498
-518
-524
-517
-497
-465
-420
-360
-283
-192
-90
18
128
231
324
401
461
501
522
523
505
468
414
344
261
170
73
-24
-121
-212
-295
-368
-429
-474
-505
-521
-523
-514
-493
-459
-413
-351
-275
-184
-82
24
131
233
324
400
459
499
521
524
508
474
423
357
278
190
96
0
-95
-186
-270
-345
-409
-459
-495
-516
-524
-520
-504
-478
-439
-387
-320
-239
-145
-42
62
166
263
348
418
471
506
523
522
503
467
415
348
269
182
89
-4
-98
-187
-270
-344
-406
-456
-492
-514
-523
-521
-508
-484
-449
-401
-339
-263
-174
-76
27
130
228
316
391
450
492
517
525
515
489
446
388
317
236
148
57
-35
-125
-211
-290
-360
-419
-465
-497
-516
-524
-520
-507
-482
-447
-400
-340
-266
-179
-83
17
118
215
303
379
440
485
513
525
520
498
461
409
344
269
185
96
6
-83
-170
-251
-324
-387
-440
-479
-506
-520
-524
-517
-501
-475
-438
-389
-328
-252
-166
-71
27
126
221
306
379
439
483
512
524
521
502
468
419
357
285
205
119
31
-56
-142
-223
-298
-364
-420
-463
-495
-514
-523
-522
-512
-492
-463
-423
-371
-306
-229
-142
-48
48
144
235
317
387
443
485
513
524
521
503
470
423
364
294
217
134
48
-38
-122
-203
-278
-345
-403
-450
-484
-508
-521
-524
-518
-503
-480
-447
-403
-348
-280
-201
-113
-20
74
167
254
331
397
450
489
514
525
521
502
470
425
368
300
225
343
3516
6478
9065
11132
12550
13242
13176
12345
10792
8622
5960
2942
-253
-3432
-6406
-9012
-11099
-12539
-13249
-13198
-12384
-10845
-8677
-6018
-3014
173
3353
6332
8943
11041
12494
13223
13195
12402
10882
8737
6095
3091
-97
-3278
-6262
-8886
-10999
-12472
-13218
-13204
-12428
-10925
-8786
-6148
-3158
22
3204
6195
8826
10950
12436
13202
13212
12456
10971
8857
6239
3251
66
-3120
-6120
-8769
-10914
-12424
-13209
-13234
-12496
-11026
-8915
-6298
-3322
-144
3044
6050
8704
10859
12381
13184
13232
12513
11062
8974
6375
3400
221
-2969
-5980
-8646
-10816
-12356
-13176
-13238
-12537
-11103
-9022
-6428
-3467
-296
2894
5912
8585
10765
12320
13159
13245
12563
11146
9088
6514
3556
383
-2811
-5836
-8525
-10727
-12304
-13163
-13264
-12601
-11200
-9147
-6575
-3628
-461
2735
5767
8462
10673
12263
13140
13263
12619
11237
9207
6654
3709
540
-2658
-5695
-8401
-10627
-12234
-13128
-13265
-12639
-11275
-9253
-6704
-3772
-613
2585
5629
8342
10577
12199
13110
13270
12663
11315
9313
6785
3857
697
-2503
-5552
-8280
-10536
-12179
-13112
-13288
-12700
-11369
-9374
-6846
-3929
-776
2426
5483
8218
10483
12139
13088
13286
12718
11404
9431
6923
4010
855
-2348
-5410
-8156
-10434
-12107
-13074
-13286
-12735
-11439
-9476
-6972
-4072
-928
2275
5343
8096
10385
12072
13056
13290
12758
11478
9534
7050
4155
1010
-2195
-5266
-8032
-10340
-12048
-13053
-13305
-12793
-11532
-9597
-7114
-4228
-1090
2117
5198
7972
10290
12011
13034
13306
12814
11570
9656
7194
4314
1174
-2034
-5119
-7904
-10236
-11976
-13016
-13305
-12829
-11606
-9704
-7246
-4379
-1250
1957
5049
7842
10186
11940
12998
13308
12852
11644
9760
7324
4463
1333
-1875
-4969
-7772
-10132
-11906
-12986
-13315
-12881
-11695
-9824
-7389
-4536
-1415
1794
4897
7710
10081
11869
12965
13314
12898
11728
9875
7462
4617
1496
-1713
-4818
-7640
-10025
-11830
-12944
-13308
-12908
-11757
-9919
-7510
-4677
-1568
1638
4750
7580
9975
11793
12924
13309
12930
11795
9973
7585
4759
1648
-1560
-4673
-7511
-9921
-11757
-12908
-13313
-12954
-11842
-10035
-7651
-4834
-1732
1477
4598
7447
9868
11719
12887
13311
12972
11874
10085
7722
4914
1811
-1397
-4520
-7377
-9812
-11679
-12864
-13303
-12978
-11899
-10124
-7766
-4969
-1881
1324
4452
7316
9760
11640
12842
13302
12998
11934
10175
7837
5049
1956
-1251
-4381
-7251
-9707
-11603
-12823
-13300
-13016
-11976
-10234
-7901
-5121
-2040
1166
4305
7186
9654
11566
12804
13301
13035
12009
10282
7969
5199
2117
-1091
-4229
-7117
-9598
-11525
-12778
-13290
-13039
-12031
-10319
-8011
-5250
-2182
1020
4163
7059
9549
11489
12759
13291
13061
12068
10370
8082
5329
2257
-948
-4094
-6997
-9499
-11453
-12740
-13289
-13078
-12107
-10427
-8145
-5402
-2343
860
4015
6929
9444
11414
12720
13290
13097
12141
10476
8213
5480
2419
-786
-3941
-6860
-9387
-11371
-12693
-13277
-13098
-12160
-10510
-8252
-5528
-2481
718
3875
6802
9336
11334
12671
13274
13117
12194
10558
8318
5604
2554
-648
-3810
-6743
-9290
-11301
-12654
-13272
-13131
-12230
-10612
-8380
-5675
-2639
559
3728
6674
9233
11261
12640
13422
13589
13044
11760
9773
7172
4088
683
-2861
-6352
-9587
-12359
-14509
-15903
-16447
-16107
-14903
-12904
-10218
-6982
-3361
467
4318
8002
11328
14108
16195
17473
17858
17333
15929
13725
10837
7415
3628
-342
-4310
-8083
-11473
-14294
-16391
-17646
-17988
-17403
-15935
-13675
-10750
-7316
-3544
387
4294
7994
11303
14040
16049
17213
17458
16777
15219
12882
9902
6437
2662
-1241
-5086
-8672
-11802
-14309
-16045
-16898
-16818
-15820
-13975
-11401
-8246
-4676
-871
2984
6702
10081
12931
15083
16399
16789
16232
14768
12494
9545
6086
2296
-1634
-5501
-9064
-12133
-14563
-16202
-16934
-16706
-15539
-13508
-10739
-7390
-3635
335
4324
8100
11440
14181
16168
17265
17423
16546
14603
11632
7815
3414
-1336
-6204
-10940
-15292
-19024
-21922
-23814
-24616
-24308
-22926
-20556
-17323
-13388
-8934
-4153
749
5539
9959
13823
16998
19377
20824
21219
20488
18589
15558
11578
6926
1867
-3376
-8585
-13523
-17958
-21673
-24483
-26227
-26830
-26287
-24648
-22009
-18513
-14329
-9647
-4662
421
5322
9794
13676
16862
19262
20749
21196
20491
18567
15477
11457
6827
1841
-3302
-8407
-13253
-17614
-21276
-24057
-25795
-26407
-25880
-24255
-21630
-18145
-13975
-9303
-4318
725
5519
9842
13556
16573
18810
20140
20430
19553
17448
14202
10128
5530
633
-4383
-9327
-13980
-18120
-21542
-24075
-25564
-25927
-25150
-23272
-20396
-16670
-12270
-7386
-2273
2722
7338
11403
14815
17501
19370
20292
20146
18821
16306
12759
8501
3800
-1137
-6135
-10993
-15494
-19426
-22596
-24845
-26026
-26072
-24972
-22768
-19572
-15543
-10870
-5771
-585
4372
8886
12813
16063
18566
20225
20919
20543
19000
16302
12621
8261
3480
-1522
-6571
-11470
-16007
-19973
-23182
-25477
-26719
-26833
-25805
-23670
-20532
-16542
-11882
-6759
-1495
3589
8268
12389
15853
18593
20526
21535
21517
20376
18073
14713
10553
5872
888
-4222
-9278
-14077
-18413
-22092
-24946
-26836
-27636
-27313
-25860
-23339
-19867
-15607
-10743
-5500
-214
4827
9424
13445
16802
19431
21247
22131
21988
20718
18296
14842
10619
5898
887
-4245
-9326
-14159
-18542
-22285
-25223
-27221
-28150
-27973
-26676
-24313
-20989
-16857
-12093
-6895
-1576
3561
8302
12504
16073
18948
21056
22284
22529
21690
19701
16627
12678
8136
3226
-1874
-7006
-11988
-16623
-20721
-24106
-26633
-28175
-28639
-28002
-26272
-23526
-19887
-15513
-10581
-5311
-26
5007
9605
13644
17044
19749
21678
22716
22764
21717
19534
16299
12249
7653
2721
-2382
-7504
-12466
-17076
-21148
-24515
-27036
-28588
-29079
-28485
-26813
-24134
-20566
-16260
-11383
-6140
-840
4243
8923
13071
16606
19473
21600
22877
23200
22468
20613
17680
13855
9414
4578
-481
-5617
-10666
-15446
-19771
-23471
-26394
-28424
-29439
-29398
-28279
-26127
-23031
-19123
-14561
-9509
-4200
1050
6012
10525
14483
17820
20484
22390
23427
23498
22502
20393
17244
13273
8742
3856
-1224
-6357
-11386
-16132
-20418
-24076
-26965
-28970
-29977
-29945
-28852
-26740
-23694
-19841
-15332
-10327
-5037
233
5250
9850
13924
17404
20240
22361
23655
24023
23370
21621
18808
15094
10743
5973
951
-4186
-9293
-14202
-18738
-22733
-26036
-28529
-30096
-30659
-30182
-28672
-26185
-22825
-18727
-14037
-8911
-3593
1630
6554
11036
14981
18332
21044
23034
24191
24420
23626
21744
18821
15037
10649
5863
835
-4301
-9409
-14325
-18882
-22915
-26279
-28854
-30529
-31226
-30904
-29562
-27249
-24057
-20111
-15552
-10525
-5230
44
5078
9718
13858
17435
20408
22712
24241
24893
24583
23216
20785
17398
13293
8696
3783
-1310
-6459
-11518
-16326
-20722
-24550
-27677
-29998
-31403
-31838
-31262
-29691
-27183
-23837
-19779
-15144
-10069
-4766
491
5495
10102
14219
17786
20766
23094
24661
25371
25137
23863
21537
18251
14230
9701
4838
-221
-5367
-10464
-15360
-19894
-23914
-27284
-29895
-31647
-32465
-32302
-31151
-29053
-26087
-22365
-18010
-13150
-7939
-2625
2545
7405
11839
15771
19158
21960
24092
25448
25941
25477
23977
21449
18008
13891
9307
4416
-661
-5815
-10914
-15806
-20336
-24361
-27749
-30399
-32212
-32768
-32768
-32021
-30056
-27228
-23640
-19409
-14656
-9516
-4206
1021
5989
10571
14687
18284
21328
23756
25466
26365
26366
25373
23351
20359
16580
12240
7516
2539
-2584
-7739
-12789
-17588
-21992
-25864
-29084
-31562
-32768
-32768
-32768
-32553
-30482
-27578
-23938
-19680
-14920
-9782
-4471
765
5754
10372
14538
18207
21344
23895
25760
26843
27064
26331
24585
21857
18286
14102
9491
4594
-484
-5645
-10767
-15710
-20332
-24495
-28076
-30979
-32768
-32768
-32768
-32768
-32736
-30395
-27268
-23456
-19066
-14211
-9013
-3697
1512
6457
11030
15159
18802
21928
24478
26354
27465
27732
27065
25402
22768
19288
15182
10633
5784
735
-4421
-9573
-14590
-19336
-23679
-27493
-30676
-32768
-32768
-32768
-32768
-32768
-32608
-29908
-26484
-22436
-17866
-12879
-7614
-2305
2847
7710
12191
16232
19799
22861
25348
27164
28221
28447
27751
26071
23438
19973
15893
11374
6548
1514
-3641
-8813
-13878
-18705
-23166
-27142
-30527
-32768
-32768
-32768
-32768
-32768
-32768
-32110
-29033
-25298
-21002
-16242
-11125
-5819
-551
4514
9265
13627
17554
21017
23983
26372
28088
29051
29189
28410
26666
23995
20522
16451
11952
7151
2137
-13361
-12893
-11686
-9814
-7375
-4507
-1386
1805
4896
7703
10060
11834
12923
13254
12809
11627
9773
7344
4481
1355
-1843
-4942
-7760
-10129
-11915
-13016
-13366
-12939
-11767
-9927
-7513
-4661
-1547
1645
4746
7571
9954
11757
12878
13245
12837
11688
9866
7464
4621
1507
-1689
-4794
-7628
-10022
-11838
-12973
-13360
-12970
-11833
-10024
-7635
-4803
-1700
1490
4599
7441
9847
11682
12842
13250
12882
11770
9981
7604
4778
1670
-1527
-4644
-7497
-9916
-11764
-12937
-13364
-13013
-11912
-10135
-7772
-4957
-1861
1330
4448
7308
9741
11606
12799
13243
12911
11833
10073
7724
4918
1823
-1372
-4493
-7362
-9806
-11684
-12891
-13354
-13041
-11976
-10230
-7894
-5098
-2013
1176
4302
7178
9633
11529
12757
13241
12948
11908
10183
7859
5070
1983
-1213
-4345
-7233
-9702
-11612
-12854
-13357
-13082
-12053
-10340
-8030
-5251
-2174
1015
4149
7043
9524
11451
12714
13234
12979
11972
10277
7981
5212
2138
-1054
-4191
-7093
-9586
-11525
-12802
-13341
-13105
-12111
-10429
-8146
-5387
-2322
864
4004
6913
9417
11372
12669
13227
13010
12041
10381
8110
5359
2293
-900
-4047
-6967
-9485
-11455
-12767
-13344
-13146
-12187
-10537
-8280
-5541
-2484
702
3850
6776
9305
11291
12623
13218
13038
12102
10471
8229
5500
2446
-743
-3893
-6826
-9365
-11364
-12710
-13324
-13164
-12242
-10623
-8394
-5675
-2631
552
3705
6645
9195
11210
12575
13208
13065
12167
10571
8356
5646
2602
-587
-3746
-6698
-9263
-11294
-12675
-13326
-13204
-12318
-10731
-8529
-5830
-2795
388
3549
6506
9082
11128
12529
13200
13096
12233
10668
8481
5792
2762
-423
-3586
-6550
-9137
-11196
-12612
-13303
-13221
-12372
-10819
-8646
-5968
-2947
232
3397
6368
8965
11040
12475
13185
13120
12294
10765
8608
5943
2925
-258
-3428
-6410
-9023
-11114
-12567
-13296
-13253
-12441
-10921
-8777
-6121
-3111
66
3237
6223
8845
10950
12419
13166
13141
12351
10853
8723
6079
3075
-103
-3275
-6267
-8898
-11015
-12499
-13265
-13261
-12488
-11001
-8885
-6251
-3257
-84
3089
6087
8729
10861
12364
13147
13160
12407
10943
8844
6224
3235
61
-3116
-6125
-8781
-10930
-12450
-13255
-13290
-12553
-11100
-9013
-6402
-3420
-251
2927
5940
8604
10766
12303
13124
13176
12460
11029
8957
6357
3382
212
-2967
-5984
-8657
-10830
-12380
-13219
-13292
-12593
-11174
-9117
-6528
-3561
-399
2782
5805
8489
10676
12244
13101
13188
12507
11110
9068
6493
3533
371
-2811
-5843
-8540
-10743
-12329
-13206
-13318
-12655
-11268
-9240
-6673
-3720
-562
2623
5660
8365
10581
12182
13075
13201
12558
11192
9178
6623
3676
518
-2667
-5707
-8420
-10647
-12260
-13170
-13316
-12689
-11336
-9336
-6792
-3853
-701
2485
5532
8256
10497
12128
13054
13216
12606
11273
9288
6756
3824
674
-2513
-5566
-8302
-10559
-12208
-13156
-13342
-12752
-11431
-9460
-6938
-4013
-867
2323
5383
8128
10397
12062
13026
13226
12654
11354
9397
6886
3969
822
-2368
-5431
-8184
-10463
-12139
-13118
-13337
-12782
-11494
-9551
-7052
-4143
-1003
2187
5257
8019
10312
12005
13002
13236
12696
11428
9499
7011
4109
970
-2221
-5293
-8066
-10373
-12083
-13100
-13360
-12842
-11586
-9672
-7195
-4298
-1144
2109
5304
8258
10798
12767
14040
14531
14193
13019
11044
8395
5223
1680
-2033
-5708
-9144
-12155
-14582
-16296
-17205
-17257
-16442
-14789
-12360
-9286
-5736
-1872
2098
5963
9521
12587
15005
16656
17462
17382
16419
14617
12047
8838
5165
1205
-2826
-6713
-10247
-13249
-15571
-17107
-17786
-17582
-16509
-14617
-11986
-8743
-5062
-1124
2853
6648
10050
12881
15004
16322
16774
16345
15054
12963
10170
6805
3057
-873
-4757
-8372
-11518
-14035
-15800
-16730
-16785
-15966
-14309
-11890
-8819
-5262
-1408
2519
6291
9688
12523
14650
15963
16397
15933
14591
12446
9600
6178
2373
-1593
-5491
-9092
-12195
-14635
-16286
-17067
-16937
-15902
-14011
-11358
-8063
-4298
-273
3948
8209
12228
15691
18350
20084
20810
20453
18991
16465
12978
8712
3950
-1014
-5913
-10502
-14564
-17916
-20416
-21963
-22497
-22006
-20523
-18143
-14989
-11192
-6875
-2159
2782
7725
12394
16477
19715
21974
23218
23400
22474
20443
17371
13379
8642
3469
-1810
-6929
-11643
-15744
-19061
-21467
-22875
-23248
-22586
-20940
-18431
-15193
-11359
-7041
-2342
2579
7499
12120
16107
19215
21369
22548
22718
21825
19858
16870
12976
8336
3236
-1951
-6963
-11557
-15525
-18698
-20953
-22212
-22442
-21642
-19893
-17325
-14076
-10275
-6022
-1414
3390
8154
12557
16255
19074
20965
21915
21882
20807
18690
15591
11629
6969
1879
-3238
-8131
-12554
-16304
-19213
-21162
-22080
-21928
-20758
-18686
-15853
-12400
-8442
-4072
593
5372
9999
14149
17522
20003
21557
22172
21793
20380
17951
14581
10403
5588
418
-4715
-9566
-13895
-17499
-20213
-21921
-22555
-22105
-20665
-18359
-15326
-11698
-7590
-3098
1649
6462
11075
15173
18480
20889
22370
22912
22460
20980
18491
15073
10853
6001
771
-4445
-9404
-13866
-17629
-20522
-22425
-23264
-23014
-21755
-19604
-16696
-13164
-9126
-4678
68
4946
9723
14105
17795
20620
22528
23509
23530
22541
20534
17558
13716
9151
4045
-1262
-6461
-11313
-15597
-19124
-21744
-23358
-23899
-23377
-21884
-19540
-16475
-12817
-8678
-4149
655
5566
10348
14707
18358
21147
23029
23999
24022
23046
21064
18121
14315
9782
4696
-628
-5868
-10797
-15192
-18866
-21668
-23494
-24275
-23996
-22735
-20604
-17730
-14238
-10242
-5831
-1100
3802
8670
13232
17193
20344
22616
23990
24455
23957
22465
19996
16621
12453
7643
2400
-2906
-8038
-12768
-16899
-20255
-22708
-24175
-24603
-24008
-22480
-20134
-17092
-13473
-9382
-4900
-127
4782
9614
14090
17926
20948
23102
24377
24758
24185
22630
20116
16711
12528
7713
2476
-2823
-7955
-12699
-16862
-20274
-22810
-24384
-24941
-24485
-23097
-20888
-17975
-14474
-10488
-6097
-1388
3501
8379
12988
17045
20335
22783
24366
25082
24881
23717
21592
18555
14697
10149
5072
-223
-5461
-10426
-14916
-18750
-21783
-23916
-25083
-25240
-24426
-22735
-20274
-17160
-13503
-9393
-4903
-128
4783
9629
14143
18055
21186
23484
24933
25525
25205
23936
21721
18613
14703
10121
5029
-261
-5493
-10458
-14963
-18831
-21921
-24134
-25404
-25686
-25010
-23461
-21140
-18159
-14624
-10627
-6236
-1529
3360
8254
12909
17055
20475
23090
24875
25829
25911
25068
23286
20593
17062
12800
7947
2717
-2569
-7713
-12511
-16779
-20363
-23146
-25042
-26001
-25989
-25061
-23299
-20809
-17697
-14065
-9994
-5544
-797
4109
8992
13604
17684
21037
23598
25348
26282
26357
25522
23762
21104
17615
13398
8587
3383
-1897
-7063
-11919
-16284
-20007
-22965
-25069
-26268
-26521
-25854
-24344
-22093
-19195
-15754
-11855
-7558
-2925
1932
6855
11629
16002
19736
22716
24908
26304
26888
26602
25409
23310
20346
16596
12170
7205
1960
-3306
-8407
-13158
-17389
-20959
-23761
-25722
-26790
-26932
-26182
-24616
-22332
-19424
-15987
-12100
-7818
-3199
1647
6572
11371
15800
19624
22719
25046
26595
27359
27281
26317
24458
21731
18206
13982
9183
4004
-1265
-6447
-11359
-15827
-19706
-22882
-25269
-26809
-27461
-27212
-26121
-24273
-21758
-18669
-15089
-11088
-6707
-2019
2861
7779
12524
16856
20559
23536
25761
27227
27923
27786
26775
24883
22142
18618
14406
9622
4457
-809
-6001
-10940
-15463
-19428
-22726
-25270
-26999
-27870
-27855
-27002
-25384
-23086
-20198
-16804
-12977
-8759
-4199
609
5537
10401
14974
19026
22401
25056
26974
28156
28559
28125
26825
24667
21690
17967
13592
8690
3495
-1760
-6911
-11788
-16244
-20142
-23377
-25871
-27567
-28428
-28429
-27608
-26039
-23800
-20980
-17658
-13902
-9754
-5253
-484
4433
9337
14017
18247
21846
24748
26933
28401
29131
29061
28148
26384
23793
20432
16383
11752
6682
1445
-3786
-8848
-13585
-17858
-21556
-24585
-26879
-28390
-29079
-28930
-27994
-26337
-24041
-21185
-17846
-14086
-9940
-5443
-675
4247
9169
13886
18181
21870
24886
27206
28829
29741
29881
29203
27689
25355
22242
18423
13994
9068
3883
-1361
-6518
-11430
-15956
-19978
-23394
-26132
-28136
-29365
-29788
-29405
-28271
-26460
-24045
-21102
-17700
-13893
-9707
-5181
-395
4535
9462
14185
18491
22207
25266
27650
29358
30377
30648
30122
28777
26623
23695
20056
15789
10996
5865
631
-4570
-9586
-14281
-18537
-22245
-25331
-27730
-29397
-30300
-30409
-29758
-28400
-26410
-23857
-20812
-17334
-13466
-9224
-4654
159
5104
10026
14733
19024
22736
25813
28235
30003
31098
12289
12289
12290
12287
12288
12285
12287
12285
12286
12286
12284
12284
12285
12286
12286
12287
12288
12288
12286
12286
12287
12288
12288
12289
12289
12290
12290
12288
12288
12289
12290
12290
12288
12288
12286
12286
12287
12291
12288
12289
12289
12287
12287
12288
12289
12289
12290
12287
12288
12288
12292
12289
12290
12290
12288
12289
12289
12287
12287
12286
12287
12287
12285
12286
12286
12287
12287
12288
12286
12286
12287
12287
12288
12289
12289
12287
12287
12291
12291
12292
12289
12290
12288
12288
12289
12289
12290
12287
12288
12289
12289
12290
12290
12288
12288
12286
12287
12290
12291
12288
12289
12289
12290
12290
12291
12291
12289
12290
12287
12288
12288
12289
12288
12288
12286
12286
12284
12285
12285
12286
12287
12287
12288
12288
12289
12290
12287
12288
12288
12286
12289
12290
12291
12288
12289
12286
12290
12290
12291
12288
12286
12287
12287
12288
12288
12289
12286
12287
12285
12285
12289
12289
12290
12288
12288
12289
12289
12290
12290
12288
12288
12286
12287
12287
12288
12288
12287
12285
12285
12286
12287
12284
12285
12285
12286
12287
12287
12288
12288
12289
12287
12287
12288
12288
12289
12289
12290
12288
12288
12289
12289
12290
12290
12288
12286
12286
12290
12290
12288
12288
12286
12287
12287
12288
12288
12289
12287
12287
12288
12288
12292
12289
12290
12287
12288
12289
12289
12290
12287
12286
12287
12287
12285
12285
12286
12284
12284
12285
12286
12286
12287
12287
12288
12289
12286
12287
12287
12288
12288
12289
12290
12290
12288
12288
12289
12289
12287
12287
12288
12289
12289
12290
12287
12288
12286
12286
12287
12287
12288
12288
12289
12290
12290
12291
12288
12289
12289
12287
12288
12288
12289
12286
12288
12286
12286
12284
12284
12285
12283
12283
12284
12288
12288
12289
12286
12287
12288
12288
12286
12286
12287
12288
12288
12289
12289
12290
12287
12288
12289
12289
12287
12287
12288
12288
12289
12287
12287
12288
12288
12286
12287
12287
12288
12288
12289
12289
12290
12288
12288
12289
12289
12290
12287
12288
12289
12286
12288
12286
12286
12284
12284
12282
12286
12286
12287
12288
12288
12286
12286
12287
12288
12285
12286
12286
12287
12291
12291
12289
12289
12287
12287
12288
12288
12289
12287
12287
12285
12288
12289
12287
12287
12288
12285
12286
12287
12287
12288
12288
12286
12286
12287
12291
12291
12289
12289
12287
12287
12288
12289
12287
12285
12286
12283
12284
12285
12285
12286
12286
12287
12288
12285
12289
12287
12287
12285
12285
12286
12287
12290
12291
12288
12289
12289
12287
12290
12288
12289
12286
12287
12287
12288
12289
12289
12287
12287
12285
12286
12289
12290
12287
12288
12285
12286
12290
12290
12291
12288
12289
12286
12287
12288
12288
12296
12285
12285
12283
12284
12284
12285
12285
12286
12287
12287
12288
12289
12286
12287
12284
12285
12286
12289
12290
12290
12291
12288
12289
12290
12290
12288
12288
12286
12286
12287
12288
12288
12289
12286
12287
12285
12288
12289
12289
12287
12287
12285
12289
12289
12290
12290
12291
12288
12289
12290
12290
12288
12288
12287
12285
12285
12283
12284
12284
12285
12286
12286
12287
12287
12288
12289
12286
12287
12284
12285
12289
12289
12290
12290
12291
12291
12289
12286
12284
12279
12279
12280
12284
12288
12291
12289
12286
12284
12281
12279
12277
12275
12273
12273
12274
12275
12279
12283
12283
12281
12279
12276
12271
12269
12264
12259
12259
12257
12258
12259
12263
12264
12262
12263
12258
12256
12252
12247
12242
12241
12239
12238
12242
12244
12248
12249
12248
12243
12236
12231
12227
12223
12218
12217
12213
12215
12217
12219
12221
12220
12216
12209
12205
12198
12194
12190
12187
12183
12183
12182
12188
12187
12190
12186
12183
12176
12173
12164
12158
12152
12147
12144
12145
12145
12148
12151
12152
12149
12143
12137
12129
12123
12118
12113
12111
12112
12112
12116
12120
12118
12113
12104
12094
12083
12081
12083
12087
12088
12087
12079
12072
12067
12069
12071
12069
12065
12058
12054
12050
12046
12042
12035
12032
12028
12027
12033
12035
12034
12028
12018
12009
12003
12000
12000
11997
11995
11992
11989
11986
11984
11981
11978
11973
11973
11971
11968
11963
11955
11943
11939
11934
11935
11936
11937
11938
11937
11932
11927
11916
11909
11899
11895
11891
11893
11898
11897
11892
11882
11873
11866
11866
11868
11871
11867
11854
11842
11830
11824
11822
11822
11819
11817
11814
11815
11818
11815
11807
11793
11776
11765
11760
11772
11767
11769
11764
11753
11746
11739
11738
11737
11736
11732
11722
11712
11702
11696
11687
11680
11677
11677
11678
11680
11680
11677
11668
11654
11642
11631
11626
11621
11622
11623
11624
11619
11611
11601
11590
11586
11585
11586
11588
11581
11568
11552
11539
11533
11530
11533
11532
11529
11526
11526
11523
11517
11508
11493
11479
11467
11462
11465
11469
11470
11465
11457
11446
11438
11434
11435
11437
11432
11425
11412
11399
11389
11383
11379
11376
11376
11375
11375
11378
11374
11365
11356
11341
11330
11321
11319
11320
11320
11321
11316
11308
11297
11289
11281
11280
11284
11285
11281
11273
11260
11244
11234
11228
11224
11227
11226
11223
11222
11222
11218
11212
11203
11191
11176
11164
11159
11160
11165
11165
11160
11155
11144
11136
11131
11129
11131
11129
11127
11120
11106
11093
11083
11076
11072
11069
11068
11071
11073
11072
11069
11062
11050
11035
11026
11017
11015
11015
11016
11013
11010
11005
10994
10986
10978
10973
10974
10978
10979
10971
10961
10944
10931
10921
10917
10917
10916
10915
10915
10914
10913
10910
10903
10891
10878
10867
10858
10852
10863
10855
10852
10849
10844
10836
10828
10820
10815
10816
10814
10815
10810
10803
10789
10776
10766
10759
10755
10755
10757
10759
10759
10755
10748
10742
10729
10720
10711
10702
10697
10697
10698
10698
10695
10687
10678
10667
10659
10654
10656
10657
10661
10656
10645
10632
10636
10623
10616
10612
10611
10610
10612
10611
10610
10606
10599
10589
10577
10568
10556
10550
10544
10521
10522
10523
10520
10515
10507
10496
10488
10484
10482
10486
10488
10486
10476
10462
10449
10436
10430
10426
10425
10425
10425
10427
10424
10423
10414
10404
10395
10383
10375
10369
10367
10364
10362
10360
10358
10352
10344
10333
10326
10318
10317
10321
10325
10324
10316
10303
10287
10283
10273
10270
10269
10265
10265
10264
10261
10261
10257
10251
10242
10230
10218
10209
10204
10199
10189
10183
10182
10180
10175
10170
10162
10152
10144
10140
10142
10147
10149
10144
10131
10112
10109
10099
10096
10093
10092
10089
10089
10086
10086
10086
10079
10067
10056
10044
10036
10034
10029
10027
10022
10017
10012
10010
10005
9998
9984
9974
9970
9972
9977
9982
9978
9965
9949
9934
9924
9918
9918
9912
9907
9904
9904
9904
9908
9902
9893
9882
9871
9863
9858
9853
9845
9834
9819
9818
9820
9822
9818
9808
9792
9782
9776
9779
9784
9790
9786
9774
9762
9750
9741
9732
9727
9718
9716
9714
9715
9719
9719
9714
9706
9692
9684
9677
9675
9668
9661
9653
9643
9643
9642
9644
9640
9630
9618
9606
9600
9600
9603
9605
9602
9596
9587
9579
9570
9559
9547
9539
9535
9533
9534
9535
9533
9529
9521
9517
9509
9505
9498
9488
9478
9468
9461
9458
9456
9456
9452
9446
9440
9434
9425
9420
9411
9405
9406
9407
9410
9411
9402
9388
9371
9358
9350
9346
9345
9343
9339
9338
9337
9339
9335
9328
9318
9308
9299
9292
9289
9283
9277
9268
9259
9257
9257
9257
9252
9243
9232
9221
9213
9214
9216
9217
9215
9210
9203
9195
9185
9171
9162
9164
9157
9153
9153
9152
9151
9148
9141
9135
9129
9125
9119
9110
9102
9093
9085
9076
9063
9058
9054
9049
9047
9043
9038
9030
9023
9013
9006
9002
9004
9010
9012
9005
8995
8979
8967
8958
8961
8958
8952
8946
8943
8944
8944
8944
8938
8927
8919
8910
8905
8903
8898
8891
8880
8870
8862
8858
8857
8856
8852
8845
8838
8828
8819
8813
8809
8806
8803
8806
8806
8803
8794
8782
8770
8759
8751
8746
8741
8739
8734
8729
8727
8726
8721
8717
8709
8702
8695
8691
8684
8677
8670
8658
8652
8635
8632
8629
4401
6411
7508
8272
8933
8477
7720
7072
5744
3389
1451
-40
-2258
-4289
-6166
-7208
-8480
-8515
-8589
-7420
-6635
-5559
-3550
-1149
641
2335
4193
6247
7435
8009
8671
8637
7833
7212
5952
3640
1564
25
-2075
-4172
-6020
-6994
-7921
-8586
-8774
-7650
-6656
-5415
-3633
-1306
596
2239
4215
6198
7388
8174
8903
8703
7783
7134
5901
3663
1591
190
-2072
-4217
-5999
-7042
-7872
-8393
-8442
-7552
-6700
-5648
-3869
-1402
574
2173
4030
5917
7314
8051
8829
8815
7921
7273
6153
3913
1609
139
-1843
-3890
-5805
-6920
-7941
-8651
-8604
-7643
-6695
-5640
-3815
-1444
410
1985
4121
6078
7431
8122
8733
8646
7845
7244
6128
4030
1774
212
-1913
-3937
-5878
-6944
-7772
-8341
-8413
-7662
-6882
-5827
-4026
-1514
436
1964
3888
5888
7193
7884
8753
8854
8032
7338
6144
4045
1744
395
-1586
-3841
-5755
-6871
-7819
-8504
-8527
-7775
-6783
-5703
-3998
-1745
247
1845
3936
5818
7241
7884
8632
8778
8002
7286
6307
4210
1886
373
-1634
-3703
-5734
-6893
-7604
-8335
-8547
-7867
-6925
-5936
-4227
-1787
252
1755
3816
5698
7119
7881
8818
8984
8118
7331
6345
4340
2067
581
-1447
-3653
-5612
-6868
-7816
-8450
-8562
-7836
-6826
-5861
-4274
-1996
134
1754
3634
5559
7165
7832
8555
8746
8065
7306
6511
4575
2021
532
-1428
-3469
-5473
-6749
-7507
-8401
-8772
-7952
-6898
-6137
-4430
-1946
114
1569
3537
5531
7116
7878
8742
8833
8154
7372
6502
4545
2227
672
-1194
-3443
-5400
-6934
-7695
-8257
-8391
-7849
-6916
-6066
-4456
-2225
-3
1454
3447
5392
7042
7643
8434
8852
8291
7466
6597
4731
2271
623
-1127
-3234
-5304
-6746
-7551
-8490
-8741
-8036
-7032
-6176
-4539
-2266
-117
1359
3375
5435
7088
7806
8643
8871
8260
7366
6565
4820
2550
835
-1055
-3281
-5257
-6792
-7479
-8135
-8477
-8096
-7006
-6202
-4660
-2546
-163
1362
3262
5133
6781
7615
8547
8963
8421
7461
6774
5025
2522
807
-943
-3070
-5137
-6671
-7478
-8439
-8710
-8143
-7073
-6215
-4698
-2590
-279
1219
3259
5178
6851
7686
8521
8841
8298
7430
6769
5141
2778
881
-849
-3002
-4951
-6599
-7335
-8152
-8588
-8136
-7140
-6404
-4909
-2727
-276
1224
3029
4944
6706
7682
8566
8980
8414
7595
6882
5134
2680
922
-687
-2860
-4947
-6644
-7475
-8433
-8727
-8157
-7021
-6280
-4858
-2796
-416
1127
2982
5011
6799
7728
8399
8834
8407
7591
6881
5274
2936
1017
-619
-2724
-4832
-6500
-7260
-8100
-8583
-8315
-7323
-6490
-4994
-2861
-458
1060
2818
4940
6702
7585
8468
8927
8522
7661
6897
5244
2955
1200
-432
-2743
-4874
-6525
-7356
-8217
-8532
-8172
-7178
-6417
-5064
-2980
-554
918
2774
4825
6678
7514
8229
8803
8517
7682
7016
5524
3164
1199
-389
-2561
-4642
-6285
-7116
-8118
-8670
-8448
-7388
-6528
-5195
-3112
-712
826
2702
4777
6513
7513
8393
8942
8583
7585
6983
5540
3229
1292
-293
-2559
-4617
-6312
-7237
-8139
-8501
-8280
-7315
-6505
-5199
-3254
-805
828
2636
4567
6394
7323
8270
8891
2614
1094
1240
1380
1367
1387
1195
982
919
721
541
-193
270
140
43
34
-8
26
157
41
170
270
529
621
743
1326
1176
1261
1435
1388
1427
1662
1775
1617
1348
1061
771
480
338
7
24
-81
-174
-157
-295
-281
-256
-149
-50
103
402
704
859
1266
1396
1487
1613
1727
1905
1970
1923
1623
1257
907
596
302
133
-366
-197
-397
-336
-311
-354
-315
-263
-145
97
328
681
989
1070
1591
1513
1719
1724
1880
1991
1918
1544
1196
815
584
329
188
-483
-380
-444
-305
-292
-284
-263
-247
-89
238
555
898
910
1324
1462
1581
-462
672
1488
3696
4212
2311
1138
856
669
643
470
157
-418
-383
-263
-338
-424
-538
-428
-89
216
393
561
754
968
1285
1060
755
689
946
2757
5173
6441
5197
2404
1066
832
714
596
538
-66
-1024
-628
-589
-517
-661
-762
-558
-255
140
384
621
647
973
1316
1148
755
899
2428
5361
8600
8740
6159
3320
1091
833
715
666
562
-254
-1568
-870
-699
-778
-923
-942
-405
-99
147
415
605
734
1063
1458
1061
802
1390
3719
6933
11064
8366
5878
2779
1067
763
691
618
487
-392
-2032
-903
-1139
-1062
-837
-608
-461
-221
277
921
1043
949
1156
1710
884
803
1440
4633
7801
10336
7614
4962
1723
973
739
667
592
386
-761
-2404
-668
-947
-1096
-975
-422
-70
22
708
680
893
855
1092
1745
799
780
1371
4540
7427
9515
7192
4656
1419
973
669
690
592
457
-607
-2158
-842
-1042
-977
-693
-477
-318
-86
675
867
708
716
994
1628
905
778
946
3176
6276
9021
8013
5854
2943
1159
855
691
642
469
182
-1212
-2555
-573
-716
-883
-1044
-430
0
138
741
595
834
832
991
1729
838
664
1040
3647
6629
9351
7920
5784
2897
1067
833
691
689
563
353
-1054
-2644
-569
-756
-834
-1045
-553
-59
45
601
685
773
777
1026
1517
971
755
806
2685
5854
8483
8905
6909
4281
1301
949
785
714
640
461
-471
-1844
-1097
-901
-1033
-872
-597
-549
-266
306
929
618
586
851
960
1577
767
732
948
3484
6509
9304
8647
6464
3976
1254
927
715
714
639
507
-556
-1859
-979
-808
-1038
-994
-620
-436
-300
110
930
659
572
832
1054
1500
972
777
853
2684
5737
8459
9351
7216
4870
1746
997
786
738
641
514
-128
-1159
-2232
-814
-1041
-687
-777
-783
-263
18
-5
544
713
790
724
1173
1717
817
709
1065
3367
6441
9280
9022
6769
4468
1441
950
762
691
618
491
-187
-1301
-1946
-793
-1027
-805
-728
-742
-385
105
143
540
676
679
728
980
1636
811
730
946
2473
5643
8365
9750
7590
5478
2428
1113
856
715
690
589
384
-728
-2159
-989
-877
-686
-1037
-886
-439
-394
-160
413
834
501
753
846
1109
1657
839
778
1087
2968
6112
8740
9585
7333
5197
2310
1090
856
737
667
637
337
-694
-2074
-939
-1011
-679
-1010
-979
-442
-333
-201
354
917
610
822
902
1084
1601
878
659
946
1722
4845
7590
10172
8342
6487
3812
1300
997
809
667
688
538
201
-1117
-2305
-510
-1078
-979
-785
-859
-566
-185
-180
221
855
594
688
919
1068
1613
833
825
922
1629
4751
7426
10077
8599
6651
4187
1394
974
763
737
643
566
452
-776
-2110
-772
-1089
-742
-818
-1033
-632
-342
-319
134
770
369
694
670
857
1323
1409
791
732
853
2544
5525
8013
10173
8388
6277
3836
1278
950
739
713
620
495
362
-828
-2157
-671
-1091
-930
-789
-964
-751
-392
-470
0
633
542
616
709
810
1101
1501
855
729
781
1511
4209
6957
9491
9398
7402
5150
2379
1160
950
693
714
712
538
-8
-1048
-2424
-659
-756
-1052
-916
-712
-742
-388
-218
-147
526
582
637
730
776
1047
1485
829
774
757
1206
3482
6346
8834
9985
7896
5901
3412
1325
973
763
738
713
613
411
-448
-1686
-994
-968
-980
-745
-1043
-862
-538
-536
-85
113
468
660
503
816
859
994
1550
878
774
733
1089
3272
6183
8530
10079
8107
6229
3624
1348
1067
856
715
644
593
489
-102
-1244
-1917
-837
-894
-770
-1044
-847
-747
-610
-182
-250
193
798
427
792
579
960
1069
1541
859
775
921
1135
3555
6370
8670
10126
8132
6230
3812
1394
1091
833
739
667
665
515
108
-888
-2159
-772
-959
-751
-1025
-764
-811
-656
-313
-315
105
212
568
790
567
846
991
1293
1097
861
753
969
1439
4001
6629
8764
10077
8200
6183
3789
1372
-2788
-8672
-8288
-7272
-6346
-5036
-2913
-654
768
2823
5014
6482
7341
8244
8515
7950
7115
6392
4901
3027
497
-1015
-2913
-4945
-6572
-7588
-8085
-8604
-8288
-7317
-6459
-5149
-3003
-767
745
2733
4834
6369
7205
8109
8515
8063
7183
6279
4879
3094
632
-970
-2822
-4674
-6391
-7543
-8130
-8627
-8356
-7340
-6436
-5216
-3139
-857
542
2620
4811
6460
7228
8176
8560
7996
7160
6347
5014
3185
723
-880
-2800
-4720
-6436
-7498
-8017
-8559
-8333
-7430
-6594
-5307
-3274
-925
519
2485
4608
6302
7137
8041
8515
8154
7273
6369
5014
3230
813
-767
-2596
-4539
-6323
-7498
-8040
-8627
-8401
-7430
-6572
-5352
-3387
-1061
361
2439
4608
6324
7205
8063
8515
8109
7250
6482
5150
3320
926
-744
-2574
-4516
-6301
-7430
-7972
-8582
-8469
-7520
-6662
-5442
-3477
-1083
361
2236
4382
6166
7070
8018
8560
8244
7318
6482
5195
3411
1039
-609
-2393
-4403
-6210
-7453
-8017
-8559
-8446
-7498
-6662
-5533
-3613
-1241
248
2213
4404
6189
7115
7973
8493
8176
7363
6595
5308
3501
1084
-631
-2348
-4268
-6097
-7340
-7927
-8627
-8514
-7611
-6730
-5578
-3748
-1286
203
1988
4133
6008
7024
7973
8560
8289
7408
6573
5376
3704
1265
-496
-2235
-4268
-6030
-7362
-7949
-8492
-8469
-7633
-6775
-5691
-3839
-1445
158
2033
4133
6053
6979
7860
8470
8244
7431
6663
5421
3749
1310
-541
-2077
-4042
-5939
-7272
-7859
-8559
-8582
-7678
-6798
-5713
-3997
-1557
45
1784
3953
5895
6957
7838
8538
8312
7499
6663
5489
3885
1536
-406
-2077
-4110
-5871
-7272
-7814
-8469
-8537
-7769
-6820
-5804
-4110
-1670
45
1830
3907
5827
6911
7747
8493
8380
7521
6731
5534
3930
1558
-383
-1896
-3839
-5736
-7182
-7837
-8514
-8650
-7791
-6843
-5849
-4223
-1851
-112
1604
3795
5760
6934
7792
8493
8380
7544
6776
5624
4088
1830
-315
-1941
-3929
-5691
-7159
-7769
-8401
-8559
-7837
-6933
-5917
-4290
-1941
-89
1558
3636
5647
6799
7657
8470
8447
7634
6799
5647
4111
1830
-225
-1693
-3703
-5600
-7136
-7814
-8469
-8627
-7859
-6910
-5962
-4403
-2077
-270
1423
3591
5601
6889
7657
8402
8402
7679
6866
5782
4246
2010
-135
-1716
-3703
-5510
-7046
-7701
-8356
-8604
-7972
-7023
-6030
-4449
-2122
-247
1310
3433
5489
6753
7589
8447
8493
7725
6889
5805
4291
2055
-89
-1535
-3590
-5488
-7046
-7769
-8356
-8695
-7995
-7046
-6097
-4584
-2303
-360
1287
3411
5443
6776
7521
8312
8447
7792
6979
5918
4359
2213
0
-1512
-3477
-5329
-6910
-7678
-8333
-8695
-8062
-7091
-6120
-4607
-2348
-383
1084
3230
5308
6663
7521
8425
8560
7770
6934
5918
4472
2281
90
-1445
-3455
-5375
-6956
-7701
-8266
-8650
-8085
-7114
-6233
-4765
-2484
-428
1129
3185
5263
6618
7408
8289
8493
7905
7047
6053
4540
2417
113
-1286
-3206
-5149
-6798
-7656
-8311
-8672
-8085
-7136
-6233
-4810
-2596
-518
881
3004
5127
6618
7454
8334
8538
7815
6957
6098
4653
2530
203
-1309
-3297
-5194
-6775
-7611
-8198
-8627
-8130
-7182
-6391
-4923
226
2756
4088
5263
6121
6640
7115
7092
6663
5805
4811
2236
-293
-1806
-3681
-5126
-6210
-7114
-7972
-8514
-8830
-8672
-8062
-6910
-5600
-3297
-541
1039
3072
4856
6460
7657
8741
9509
9825
9690
8877
7454
5624
3162
23
-2100
-4449
-6414
-8130
-9576
-10728
-11608
-12060
-11721
-10682
-8988
-6820
-4223
-902
1400
4020
6324
8470
10119
11316
12039
12287
11745
10412
8289
5782
2620
-857
-3568
-6188
-8559
-10253
-11654
-12715
-13280
-13077
-11970
-10163
-7701
-5036
-1332
1468
4337
6844
9035
10661
11790
12423
12536
11790
10096
7792
5398
2010
-1941
-4765
-7204
-9259
-10863
-12105
-12896
-13054
-12467
-10976
-8830
-6707
-3952
181
3207
768
-225
-360
-315
-338
-338
-315
-315
-293
-360
-586
-1377
-4087
-6798
-9124
-11044
-12625
-13732
-14522
-14861
-14838
-13912
-12015
-9508
-7023
-4336
-1106
-496
-383
-406
-315
-360
-360
-360
-338
-338
-338
-338
-360
-654
-1716
-5781
-9440
-12038
-14387
-16284
-17662
-18430
-18497
-17978
-16532
-14070
-11021
-8108
-4742
-1241
-496
-428
-338
-360
-360
-383
-360
-338
-315
-315
-315
-383
-631
-1716
-6481
-12015
-14838
-17458
-19356
-20440
-21117
-21095
-20191
-18136
-14500
-11202
-8198
-4720
-1083
-496
-473
-338
-383
-383
-360
-338
-360
-315
-293
-338
-406
-744
-2235
-8130
-15267
-17684
-19920
-21343
-22698
-23128
-22405
-20462
-16600
-13506
-10502
-7023
-3071
-790
-473
-383
-360
-383
-383
-383
-360
-360
-315
-315
-360
-473
-925
-3274
-10434
-17052
-19378
-21388
-22473
-23331
-23353
-22179
-19039
-14974
-11925
-9305
-6278
-2190
-586
-451
-360
-360
-360
-383
-360
-383
-338
-338
-293
-360
-473
-925
-2935
-9553
-16690
-18791
-20733
-21885
-22947
-23082
-21953
-19288
-15584
-12467
-9869
-6978
-3387
-857
-518
-406
-406
-383
-406
-383
-360
-360
-360
-338
-338
-383
-609
-1332
-5194
-13686
-17029
-19469
-21343
-22450
-22947
-22744
-21614
-18204
-14748
-11654
-9305
-6459
-2596
-767
-428
-406
-383
-360
-383
-360
-360
-338
-315
-315
-338
-383
-609
-1173
-4742
-12964
-16916
-19288
-21275
-22473
-23082
-23060
-22179
-19378
-15448
-12602
-10118
-7362
-3816
-970
-496
-383
-360
-360
-360
-360
-383
-360
-338
-338
-338
-338
-451
-812
-2461
-8130
-16013
-18204
-20372
-21659
-23015
-23579
-22947
-21501
-18204
-14748
-11992
-9418
-6639
-2867
-790
-496
-360
-338
-406
-383
-360
-360
-360
-338
-315
-315
-338
-473
-835
-2822
-8514
-15990
-18226
-20508
-21772
-22992
-23692
-23218
-21727
-18768
-15516
-12331
-9892
-7227
-3658
-948
-541
-406
-383
-360
-383
-360
-338
-315
-360
-315
-315
-338
-406
-654
-1490
-5646
-13845
-17187
-19378
-21117
-22811
-23579
-23466
-22879
-21095
-17233
-14138
-11563
-9056
-6007
-2303
-722
-473
-383
-338
-360
-383
-383
-360
-383
-360
-315
-315
-338
-406
-654
-1806
-6255
-14319
-17255
-19627
-21140
-22766
-23715
-23602
-23037
-21479
-17933
-14477
-12015
-9553
-6730
-3161
-857
-541
-406
-383
-360
-383
-383
-383
-383
-338
-338
-315
-315
-360
-541
-970
-3613
-10186
-16261
-18181
-20508
-22269
-23195
-23783
-23828
-22653
-20575
-17029
-14138
-11315
-8943
-5826
-2032
-744
-518
-406
-338
-360
-383
-383
-360
-360
-360
-338
-315
-360
-360
-518
-970
-3364
-9802
-16171
-18000
-20327
-22179
-23173
-23850
-24076
-23082
-21479
-17910
-14951
-11947
-9914
-7069
-3455
-948
-541
-428
-383
-360
-383
-383
-360
-383
-360
-360
-315
-315
-338
-406
-654
-1445
-5149
-12715
-16600
-19130
-20779
-22427
-23715
-24008
-23873
-23150
-21275
-17684
-14771
-11789
-9485
-6888
-3161
-902
-518
-428
-360
-360
-383
-406
-383
-383
-360
-360
-293
-293
-360
-360
-541
-1038
-3658
-10140
-16103
-18204
-20124
-22066
-23353
-23918
-24302
-23715
-22314
-19853
-16329
-13415
-11044
-8672
-5759
-1783
-767
-496
-383
-360
-360
-383
-360
-383
-360
-338
-338
-315
-315
-360
-360
-541
-948
-3771
-10118
-15922
-18249
-20146
-21931
-23399
-23941
-24370
-23963
-22744
-20959
-17300
-14206
-11834
-9259
-6639
-3026
-948
-564
-428
-383
-406
-360
-383
-360
-383
-360
-383
-338
-315
-293
-338
-406
-654
-1422
-5194
-12738
-16216
-18701
-20846
-22179
-23557
-24325
-24280
-24121
-22902
-20688
-17458
-14274
-11902
-9531
-6820
-3432
-993
-609
-451
-383
-383
-383
-383
-360
-360
-360
-383
-338
-315
-293
-338
-360
-518
-880
-3071
-8288
-15200
-17504
-19604
-21411
-23015
-23783
-24505
-24460
-23737
-22834
-20372
-16690
-14093
-11496
-9214
-6368
-2958
-948
-609
-451
-360
-360
-360
-360
-360
-360
-383
-360
-338
-315
-315
-315
-338
-428
-699
-2032
-6007
-13573
-16578
-18633
-20846
-22450
-23399
-24438
-24551
-24392
-23737
-21998
-19152
-16035
-13325
-10976
-8446
-5668
-2009
-835
-586
-451
-383
-338
-360
-383
-360
-338
-338
-360
-360
-315
-293
-315
-360
-406
-631
-1422
-4697
-11383
-16103
-17888
-20349
-21953
-23082
-24280
-24528
-24754
-24212
-23037
-21524
-17820
-15155
-12467
-10140
-7656
-4742
-1354
-790
-541
-428
-406
-338
-360
-383
-406
-406
-360
-338
-338
10277
13
25
38
50
63
76
88
101
113
126
139
151
164
176
189
202
214
227
239
252
265
277
290
302
315
328
340
353
365
378
391
403
416
429
441
454
466
479
492
504
517
529
542
555
567
580
592
605
618
630
643
655
668
681
693
706
718
731
744
756
769
781
794
807
819
832
844
857
870
882
895
907
920
933
945
958
970
983
996
1008
1021
1033
1046
1059
1071
1084
1096
1109
1122
1134
1147
1159
1172
1185
1197
1210
1222
1235
1248
1260
1273
1286
1298
1311
1323
1336
1349
1361
1374
1386
1399
1412
1424
1437
1449
1462
1475
1487
1500
1512
1525
1538
1550
1563
1575
1588
1601
1613
1626
1638
1651
1664
1676
1689
1701
1714
1727
1739
1752
1764
1777
1790
1802
1815
1827
1840
1853
1865
1878
1890
1903
1916
1928
1941
1953
1966
1979
1991
2004
2016
2029
2042
2054
2067
2080
2092
2105
2117
2130
2143
2155
2168
2180
2193
2206
2218
2231
2243
2256
2269
2281
2294
2306
2319
2332
2344
2357
2369
2382
2395
2407
2420
2432
2445
2458
2470
2483
2495
2508
2521
2533
2546
2558
2571
2584
2596
2609
2621
2634
2647
2659
2672
2684
2697
2710
2722
2735
2747
2760
2773
2785
2798
2810
2823
2836
2848
2861
2874
2886
2899
2911
2924
2937
2949
2962
2974
2987
3000
3012
3025
3037
3050
3063
3075
3088
3100
3113
3126
3138
3151
3163
3176
3189
3201
3214
3226
3239
3252
3264
3277
3289
3302
3315
3327
3340
3352
3365
3378
3390
3403
3415
3428
3441
3453
3466
3478
3491
3504
3516
3529
3541
3554
3567
3579
3592
3604
3617
3630
3642
3655
3667
3680
3693
3705
3718
3731
3743
3756
3768
3781
3794
3806
3819
3831
3844
3857
3869
3882
3894
3907
3920
3932
3945
3957
3970
3983
3995
4008
4020
4033
4046
4058
4071
4083
4096
4109
4121
4134
4146
4159
4172
4184
4197
4209
4222
4235
4247
4260
4272
4285
4298
4310
4323
4335
4348
4361
4373
4386
4398
4411
4424
4436
4449
4461
4474
4487
4499
4512
4525
4537
4550
4562
4575
4588
4600
4613
4625
4638
4651
4663
4676
4688
4701
4714
4726
4739
4751
4764
4777
4789
4802
4814
4827
4840
4852
4865
4877
4890
4903
4915
4928
4940
4953
4966
4978
4991
5003
5016
5029
5041
5054
5066
5079
5092
5104
5117
5129
5142
5155
5167
5180
5192
5205
5218
5230
5243
5255
5268
5281
5293
5306
5318
5331
5344
5356
5369
5382
5394
5407
5419
5432
5445
5457
5470
5482
5495
5508
5520
5533
5545
5558
5571
5583
5596
5608
5621
5634
5646
5659
5671
5684
5697
5709
5722
5734
5747
5760
5772
5785
5797
5810
5823
5835
5848
5860
5873
5886
5898
5911
5923
5936
5949
5961
5974
5986
5999
6012
6024
6037
6049
6062
6075
6087
6100
6112
6125
6138
6150
6163
6176
6188
6201
6213
6226
6239
6251
6264
6276
6289
6302
6314
6327
6339
6352
6365
6377
6390
6402
6415
6428
6440
6453
6465
6478
6491
6503
6516
6528
6541
6554
6566
6579
6591
6604
6617
6629
6642
6654
6667
6680
6692
6705
6717
6730
6743
6755
6768
6780
6793
6806
6818
6831
6843
6856
6869
6881
6894
6906
6919
6932
6944
6957
6970
6982
6995
7007
7020
7033
7045
7058
7070
7083
7096
7108
7121
7133
7146
7159
7171
7184
7196
7209
7222
7234
7247
7259
7272
7285
7297
7310
7322
7335
7348
7360
7373
7385
7398
7411
7423
7436
7448
7461
7474
7486
7499
7511
7524
7537
7549
7562
7574
7587
7600
7612
7625
7637
7650
7663
7675
7688
7700
7713
7726
7738
7751
7763
7776
7789
7801
7814
7827
7839
7852
7864
7877
7890
7902
7915
7927
7940
7953
7965
7978
7990
8003
8016
8028
8041
8053
8066
8079
8091
8104
8116
8129
8142
8154
8167
8179
8192
8205
8217
8230
8242
8255
8268
8280
8293
8305
8318
8331
8343
8356
8368
8381
8394
8406
8419
8431
8444
8457
8469
8482
8494
8507
8520
8532
8545
8557
8570
8583
8595
8608
8621
8633
8646
8658
8671
8684
8696
8709
8721
8734
8747
8759
8772
8784
8797
8810
8822
8835
8847
8860
8873
8885
8898
8910
8923
8936
8948
8961
8973
8986
8999
9011
9024
9036
9049
9062
9074
9087
9099
9112
9125
9137
9150
9162
9175
9188
9200
9213
9225
9238
9251
9263
9276
9288
9301
9314
9326
9339
9351
9364
9377
9389
9402
9414
9427
9440
9452
9465
9478
9490
9503
9515
9528
9541
9553
9566
9578
9591
9604
9616
9629
9641
9654
9667
9679
9692
9704
9717
9730
9742
9755
9767
9780
9793
9805
9818
9830
9843
9856
9868
9881
9893
9906
9919
9931
9944
9956
9969
9982
9994
10007
10019
10032
10045
10057
10070
10082
10095
10108
10120
10133
10145
10158
10171
10183
10196
10208
10221
10234
10246
10259
10272
10284
10297
10309
10322
10335
10347
10360
10372
10385
10398
10410
10423
10435
10448
10461
10473
10486
10498
10511
10524
10536
10549
10561
10574
10587
10599
10612
10624
10637
10650
10662
10675
10687
10700
10713
10725
10738
10750
10763
10776
10788
10801
10813
10826
10839
10851
10864
10876
10889
10902
10914
10927
10939
10952
10965
10977
10990
11002
11015
11028
11040
11053
11066
11078
11091
11103
11116
11129
11141
11154
11166
11179
11192
11204
11217
11229
11242
11255
11267
11280
11292
11305
11318
11330
11343
11355
11368
11381
11393
11406
11418
11431
11444
11456
11469
11481
11494
11507
11519
11532
11544
11557
11570
11582
11595
11607
11620
11633
11645
11658
11670
11683
11696
11708
11721
11733
11746
11759
11771
11784
11796
11809
11822
11834
11847
11859
11872
11885
11897
11910
11923
11935
11948
11960
11973
11986
11998
12011
12023
12036
12049
12061
12074
12086
12099
12112
12124
12137
12149
12162
12175
12187
12200
12212
12225
12238
12250
12263
12275
12288
12301
12313
12326
12338
12351
12364
12376
12389
12401
12414
12427
12439
12452
12464
12477
12490
12502
12515
12527
12540
12553
12565
12578
12590
12603
12616
12628
12641
12653
12666
12679
12691
12704
12717
12729
12742
12754
12767
12780
12792
12805
12817
12830
12843
12855
12868
12880
12893
12906
12918
12931
12943
12956
12969
12981
12994
13006
13019
13032
13044
13057
13069
13082
13095
13107
13120
13132
13145
13158
13170
13183
13195
13208
13221
13233
13246
13258
13271
13284
13296
13309
13321
13334
13347
13359
13372
13384
13397
13410
13422
13435
13447
13460
13473
13485
13498
13510
13523
13536
13548
13561
13574
13586
13599
13611
13624
13637
13649
13662
13674
13687
13700
13712
13725
13737
13750
13763
13775
13788
13800
13813
13826
13838
13851
13863
13876
13889
13901
13914
13926
13939
13952
13964
13977
13989
14002
14015
14027
14040
14052
14065
14078
14090
14103
14115
14128
14141
14153
14166
14178
14191
14204
14216
14229
14241
14254
14267
14279
14292
14304
14317
14330
14342
14355
14368
14380
14393
14405
14418
14431
14443
14456
14468
14481
14494
14506
14519
14531
14544
14557
14569
14582
14594
14607
14620
14632
14645
14657
14670
14683
14695
14708
14720
14733
14746
14758
14771
14783
14796
14809
14821
14834
14846
14859
14872
14884
14897
14909
14922
14935
14947
14960
14972
14985
14998
15010
15023
15035
15048
15061
15073
15086
15098
15111
15124
15136
15149
15162
15174
15187
15199
15212
15225
15237
15250
15262
15275
15288
15300
15313
15325
15338
15351
15363
15376
15388
15401
15414
15426
15439
15451
15464
15477
15489
15502
15514
15527
15540
15552
15565
15577
15590
15603
15615
15628
15640
15653
15666
15678
15691
15703
15716
15729
15741
15754
15766
15779
15792
15804
15817
15829
15842
15855
15867
15880
15892
15905
15918
15930
15943
15955
15968
15981
15993
16006
16019
16031
16044
16056
16069
16082
16094
16107
16119
16132
16145
16157
16170
16182
16195
16208
16220
16233
16245
16258
16271
16283
16296
16308
16321
16334
16346
16359
16371
16384
0
0
0
0
0
0
0
0
0
0
0
0
0
0
0
0
0
0
0
0
0
0
0
0
0
0
0
0
0
0
0
0
0
0
0
0
0
0
0
0
0
0
0
0
0
0
0
0
0
0
0
0
0
0
0
0
0
0
0
0
0
0
0
0
0
0
0
0
0
0
0
0
0
0
0
0
0
0
0
0
0
0
0
0
0
0
0
0
0
0
0
0
0
0
0
0
0
0
0
0
0
0
0
0
0
0
0
0
0
0
0
0
0
0
0
0
0
0
0
0
0
0
0
0
0
0
0
0
0
0
0
0
0
0
0
0
0
0
0
0
0
0
0
0
0
0
0
0
0
0
0
0
0
0
0
0
0
0
0
0
0
0
0
0
0
0
0
0
0
0
0
0
0
0
0
0
0
0
0
0
0
0
0
0
0
0
0
0
0
0
0
0
0
0
0
0
0
0
0
0
0
0
0
0
0
0
0
0
0
0
0
0
0
0
0
0
0
0
0
0
0
0
0
0
0
0
0
0
0
0
0
0
0
0
0
0
0
0
0
0
0
0
0
0
0
0
0
0
0
0
0
0
0
0
0
0
0
0
0
0
0
0
0
0
0
0
0
0
0
0
0
0
0
0
0
0
0
0
0
0
0
0
0
0
0
0
0
0
0
0
0
0
0
0
0
0
0
0
0
0
0
0
0
0
0
0
0
0
0
0
0
0
0
0
0
0
0
0
0
0
0
0
0
0
0
0
0
0
0
0
0
0
0
0
0
0
0
0
0
0
0
0
0
0
0
0
0
0
0
0
0
0
0
0
0
0
0
0
0
0
0
0
0
0
0
0
0
0
0
0
0
0
0
0
0
0
0
0
0
0
0
0
0
0
0
0
0
0
0
0
0
0
0
0
0
0
0
0
0
0
0
0
0
0
0
0
0
0
0
0
0
0
0
0
0
0
0
0
0
0
0
0
0
0
0
0
0
0
0
0
0
0
0
0
0
0
0
0
0
0
0
0
0
0
0
0
0
0
0
0
0
0
0
0
0
0
0
0
0
0
0
0
0
0
0
0
0
0
0
0
0
0
0
0
0
0
0
0
0
0
0
0
0
0
0
0
0
0
0
0
0
0
0
0
0
0
0
0
0
0
16384
16384
16384
16384
16384
16384
16384
16384
16384
16384
16384
16384
16384
16384
16384
16384
16384
16384
16384
16384
16384
16384
16384
16384
16384
16384
16384
16384
16384
16384
16384
16384
16384
16384
16384
16384
16384
16384
16384
16384
16384
16384
16384
16384
16384
16384
16384
16384
16384
16384
16384
16384
16384
16384
16384
16384
16384
16384
16384
16384
16384
16384
16384
16384
16384
16384
16384
16384
16384
16384
16384
16384
16384
16384
16384
16384
16384
16384
16384
16384
16384
16384
16384
16384
16384
16384
16384
16384
16384
16384
16384
16384
16384
16384
16384
16384
16384
16384
16384
16384
16384
16384
16384
16384
16384
16384
16384
16384
16384
16384
-32767
-32767
-32767
-32767
-32767
-32767
-32767
-32767
-32767
-32767
-32767
-32767
-32767
-32767
-32767
-32767
-32767
-32767
-32767
-32767
-32767
-32767
-32767
-32767
-32767
-32767
-32767
-32767
-32767
-32767
-32767
-32767
-32767
-32767
-32767
-32767
-32767
-32767
-32767
-32767
-32767
-32767
-32767
-32767
-32767
-32767
-32767
-32767
-32767
-32767
-32767
-32767
-32767
-32767
-32767
-32767
-32767
-32767
-32767
-32767
-32767
-32767
-32767
-32767
-32767
-32767
-32767
-32767
-32767
-32767
-32767
-32767
-32767
-32767
-32767
-32767
-32767
-32767
-32767
-32767
-32767
-32767
-32767
-32767
-32767
-32767
-32767
-32767
-32767
-32767
-32767
-32767
-32767
-32767
-32767
-32767
-32767
-32767
-32767
-32767
-32767
-32767
-32767
-32767
-32767
-32767
-32767
-32767
-32767
-32767
-32767
-32767
-32767
-32767
-32767
-32767
-32767
-32767
-32767
-32767
-32767
-32767
-32767
-32767
-32767
-32767
-32767
-32767
-32767
-32767
-32767
-32767
-32767
-32767
-32767
-32767
-32767
-32767
-32767
-32767
-32767
-32767
-32767
-32767
-32767
-32767
-32767
-32767
-32767
-32767
-32767
-32767
-32767
-32767
-32767
-32767
-32767
-32767
-32767
-32767
-32767
-32767
-32767
-32767
-32767
-32767
-32767
-32767
-32767
-32767
-32767
-32767
-32767
-32767
-32767
-32767
-32767
-32767
-32767
-32767
-32767
-32767
-32767
-32767
-32767
-32767
-32767
-32767
-32767
-32767
-32767
-32767
-32767
-32767
-32767
-32767
-32767
-32767
-32767
-32767
-32767
-32767
-32767
-32767
-32767
-32767
-32767
-32767
-32767
-32767
-32767
-32767
-32767
-32767
-32767
-32767
-32767
-32767
-32767
-32767
-32767
-32767
-32767
-32767
-32767
-32767
-32767
-32767
-32767
-32767
-32767
-32767
-32767
-32767
-32767
-32767
-32767
-32767
-32767
-32767
-32767
-32767
-32767
-32767
-32767
-32767
-32767
-32767
-32767
-32767
-32767
-32767
-32767
-32767
-32767
-32767
-32767
-32767
-32767
-32767
-32767
-32767
-32767
-32767
-32767
-32767
-32767
-32767
-32767
-32767
-32767
-32767
-32767
-32767
-32767
-32767
-32767
-32767
-32767
-32767
-32767
-32767
-32767
-32767
-32767
-32767
-32767
-32767
-32767
-32767
-32767
-32767
-32767
-32767
-32767
-32767
-32767
-32767
-32767
-32767
-32767
-32767
-32767
-32767
-32767
-32767
-32767
-32767
-32767
-32767
-32767
-32767
-32767
-32767
-32767
-32767
-32767
-32767
-32767
-32767
-32767
-32767
-32767
-32767
-32767
-32767
-32767
-32767
-32767
-32767
-32767
-32767
-32767
-32767
-32767
-32767
-32767
-32767
-32767
-32767
-32767
-32767
-32767
-32767
-32767
-32767
-32767
-32767
-32767
-32767
-32767
-32767
-32767
-32767
-32767
-32767
-32767
-32767
-32767
-32767
-32767
-32767
-32767
-32767
-32767
-32767
-32767
-32767
-32767
-32767
-32767
-32767
-32767
-32767
-32767
-32767
-32767
-32767
-32767
-32767
-32767
-32767
-32767
-32767
-32767
-32767
-32767
-32767
-32767
-32767
-32767
-32767
-32767
-32767
-32767
-32767
-32767
-32767
-32767
-32767
-32767
-32767
-32767
-32767
-32767
-32767
-32767
-32767
-32767
-32767
-32767
-32767
-32767
-32767
-32767
-32767
-32767
-32767
-32767
-32767
-32767
-32767
-32767
-32767
-32767
-32767
-32767
-32767
-32767
-32767
-32767
-32767
-32767
-32767
-32767
-32767
-32767
-32767
-32767
-32767
-32767
-32767
-32767
-32767
-32767
-32767
-32767
-32767
-32767
-32767
-32767
-32767
-32767
-32767
-32767
-32767
-32767
-32767
-32767
-32767
-32767
-32767
-32767
-32767
-32767
-32767
-32767
-32767
-32767
-32767
-32767
-32767
-32767
-32767
-32767
-32767
-32767
-32767
-32767
-32767
-32767
-32767
-32767
-32767
-32767
-32767
-32767
-32767
-32767
-32767
-32767
-32767
-32767
-32767
-32767
-32767
-32767
-32767
-32767
-32767
-32767
-32767
-32767
-32767
-32767
-32767
-32767
-32767
-32767
-32767
-32767
-32767
-32767
-32767
-32767
-32767
-32767
-32767
-32767
-32767
-32767
-32767
-32767
-32767
-32767
-32767
-32767
-32767
-32767
-32767
-32767
-32767
-32767
-32767
-32767
-32767
-32767
-32767
-32767
-32767
-32767
-32767
-32767
-32767
-32767
-32767
-32767
-32767
-32767
-32767
-32767
-32767
-32767
-32767
-32767
-32767
-32767
-32767
-32767
-32767
-32767
-32767
-32767
-32767
-32767
-32767
-32767
-32767
-32767
-32767
-32767
-32767
-32767
-32767
-32767
-32767
-32767
-32767
-32767
-32767
-32767
-32767
-32767
-32767
-32767
-32767
-32767
-32767
-32767
-32767
-32767
-32767
-32767
-32767
-32767
-32767
-32767
-32767
-32767
-32767
-32767
-32767
-32767
-32767
-32767
-32767
-32767
-32767
-32767
-32767
-32767
-32767
-32767
-32767
-32767
-32767
-32767
-32767
-32767
-32767
-32767
-32767
-32767
-32767
-32767
-32767
-32767
-32767
-32767
-32767
-32767
-32767
-32767
-32767
-32767
-32767
-32767
-32767
-32767
-32767
-32767
-32767
-32767
-32767
-32767
-32767
-32767
-32767
-32767
-32767
-32767
-32767
-32767
-32767
-32767
-32767
-32767
-32767
-32767
-32767
-32767
-32767
-32767
-32767
-32767
-32767
-32767
-32767
-32767
-32767
-32767
-32767
-32767
-32767
-32767
-32767
-32767
-32767
-32767
-32767
-32767
-32767
-32767
-32767
-32767
-32767
-32767
-32767
-32767
0
7549
7340
7175
7468
7784
7553
7268
7698
7799
7373
7225
7503
7490
7469
7029
6995
7273
7403
7356
7069
7270
7557
7444
7052
7138
7230
7498
7385
7172
7426
7734
7636
7373
7677
7878
7388
7181
7406
7489
7518
7201
7028
7263
7495
7605
7119
7154
7412
7345
7055
7134
7318
7492
7412
7119
7417
7799
7624
7275
7600
7785
7434
7272
7499
7447
7453
7060
6974
7258
7463
7456
7118
7199
7584
7526
7090
7007
7221
7542
7448
7211
7437
7776
7706
7352
7646
7891
7435
7133
7382
7512
7522
7242
7019
7242
7533
7494
7086
7104
7417
7349
7051
7167
7338
7451
7363
7108
7388
7695
7628
7280
7609
7898
7551
7198
7429
7374
7475
7145
6975
7266
7381
7440
7147
7252
7545
7469
6965
6996
7257
7517
7483
7188
7378
7699
7757
7421
7601
7745
7395
7113
7478
7552
7509
7233
6948
7213
7420
7482
7142
7066
7366
7418
7162
7180
7276
7390
7401
7155
7368
7688
7723
7374
7503
7857
7591
7155
7408
7419
7487
7164
6992
7232
7421
7516
7240
7163
7461
7446
7021
7035
7282
7495
7489
7180
7343
7753
7799
7352
7447
7800
7537
7244
7482
7504
7528
7238
6960
7217
7405
7459
7122
7052
7424
7506
7176
7054
7229
7412
7463
7162
7343
7651
7703
7369
7516
7989
7653
7077
7320
7389
7532
7266
7002
7199
7418
7627
7219
7075
7471
7429
6997
6956
7319
7489
7514
7146
7324
7669
7729
7394
7434
7812
7604
7240
7439
7507
7529
7244
6944
7178
7369
7417
7171
7088
7463
7500
7187
6976
7226
7387
7503
7201
7291
7627
7815
7513
7480
7877
7652
7097
7301
7445
7584
7350
6971
7146
7412
7604
7256
7077
7386
7386
7149
7047
7331
7432
7511
7170
7227
7608
7787
7457
7353
7727
7726
7352
7441
7418
7475
7289
6990
7146
7383
7473
7378
7094
7419
7485
7266
6904
7162
7377
7562
7273
7276
7620
7834
7507
7329
7856
7714
7142
7261
7470
7554
7383
7001
7103
7395
7517
7291
6992
7244
7415
7258
7046
7249
7352
7513
7221
7202
7588
7784
7427
7345
7839
7868
7337
7302
7415
7474
7366
7057
7156
7382
7503
7361
7126
7508
7562
7202
6859
7170
7423
7557
7270
7240
7623
7776
7535
7435
7799
7631
7168
7290
7519
7586
7390
6965
7070
7360
7492
7273
6937
7249
7501
7321
6947
7225
7338
7545
7234
7207
7562
7762
7515
7383
7833
7801
7306
7299
7418
7502
7384
7089
7147
7337
7521
7468
7207
7361
7431
7201
6897
7200
7417
7526
7264
7202
7518
7781
7595
7364
7687
7652
7338
7384
7559
7519
7378
6985
7058
7327
7437
7258
6976
7327
7512
7335
6947
7208
7298
7504
7278
7193
7519
7745
7597
7420
7800
7880
7326
7200
7430
7500
7438
7159
7098
7365
7580
7494
7132
7272
7425
7257
6970
7256
7368
7486
7256
7146
7543
7780
7545
7274
7687
7769
7358
7304
7464
7476
7407
7004
7052
7340
7453
7389
6993
7245
7534
7440
6921
7130
7180
7550
7345
7207
7552
7808
2372
682
1935
3735
5378
7078
8296
8771
8348
7008
5235
2316
-173
-777
-526
514
2198
4064
6072
7872
9170
9602
9088
7680
5880
3476
1089
484
880
1990
3878
6256
8588
10350
11521
11842
10911
8773
5964
2961
189
-659
-265
1169
3410
6019
8695
11067
12753
13198
12210
10068
7208
4205
1527
600
1107
2826
5515
8434
11066
12998
14237
14187
12596
9510
5882
2450
-170
-408
525
2807
5642
8660
11532
13637
14405
13704
11548
8307
5095
1890
567
983
2762
5652
8689
11421
13415
14617
14284
12190
8820
5355
1967
-457
-538
902
3405
6411
9488
12098
13632
13919
12578
9948
6939
3841
941
280
-833
576
1262
3778
4298
2081
512
132
-152
-325
-577
-934
-1354
-1090
547
3160
6294
9424
12219
14163
15771
15652
13756
10593
7341
4212
1357
763
713
879
2766
5501
6882
5168
1999
370
-11
-199
-403
-664
-928
-1467
-996
1201
4491
8467
12405
15466
17756
18989
18671
16366
12469
8608
4753
1568
736
799
2261
5672
9149
9784
6172
2811
409
40
-196
-408
-633
-845
-1278
-1158
1628
5813
10326
14314
17601
20205
21519
20533
16759
12773
8675
4580
1446
800
1156
3593
7458
12325
9290
5844
2171
294
-15
-240
-458
-697
-981
-1037
-513
3308
7790
12088
16746
20482
22396
22278
18803
15251
11529
6984
3338
1086
761
1278
4746
8388
11608
7990
4563
1160
194
-124
-329
-519
-711
-1049
-736
152
4701
9602
14047
18094
21435
22925
21097
17212
13672
10021
6214
2698
1007
785
1266
4676
8060
10563
7399
4179
888
141
-139
-331
-544
-789
-1003
-809
134
4244
8807
13101
17485
20860
22297
20886
17408
14496
10787
6933
3439
1068
797
922
2936
6704
9677
8680
5641
2310
347
-11
-233
-413
-680
-938
-1210
-190
1023
5601
10513
15068
18473
21205
22640
20253
17002
13481
9978
6404
2883
925
742
947
3564
7195
10164
8565
5564
2265
346
-3
-233
-385
-589
-914
-1239
-275
585
4943
9824
14460
17973
20991
22689
21236
17867
14284
11101
7282
3804
1212
765
826
2489
6121
9219
9972
6939
3726
641
155
-151
-308
-493
-821
-923
-1219
-471
2670
7180
11356
15861
19769
21859
22454
20256
16971
13442
10107
6609
3030
1004
752
898
3366
7032
10170
9568
6468
3363
518
114
-170
-338
-550
-750
-1071
-1357
-670
2475
7076
11335
15566
19502
21922
22583
20683
17631
14046
10759
7168
3743
1159
802
827
2579
6121
9212
10493
7537
4431
1189
226
-70
-259
-448
-692
-871
-1410
-760
552
4719
8811
13702
17714
20374
22483
22915
19631
16205
13061
9589
5894
2663
936
747
1037
3284
6983
10044
10003
6848
3825
710
169
-82
-261
-457
-711
-907
-1531
-1104
583
4800
8709
13416
17562
20275
22373
23082
20160
16835
13723
10262
6766
3250
1081
809
914
2273
5922
9059
10970
7895
5056
1863
359
18
-209
-363
-593
-819
-1326
-1543
-918
2156
6253
11104
15055
18489
21573
22777
22349
18888
16112
12732
9450
5706
2463
911
702
1032
2767
6537
9632
10790
7718
4785
1653
338
-3
-203
-383
-566
-843
-1306
-1652
-1203
1710
5583
10317
14322
17855
21122
22662
22661
20260
17178
13533
10717
6941
3579
1160
961
868
1460
4920
8303
11309
9169
6367
3269
608
168
-92
-280
-394
-657
-929
-1560
-1612
-959
3037
6715
10971
15379
18602
21212
23107
22864
19790
16900
13385
10241
6826
3370
1108
747
822
1483
4755
8162
11118
9487
6770
3634
745
249
-31
-215
-394
-595
-827
-1312
-1820
-1749
1608
4937
9311
13608
17023
20303
22438
22934
21803
18715
15370
12404
9010
5465
2164
967
775
890
2359
5645
8767
11533
9125
6283
3305
630
232
-41
-233
-398
-615
-841
-1428
-1910
-2049
1285
4660
8655
13156
16493
19708
22133
22948
22687
19464
16391
13409
10000
6692
3198
1109
789
735
1349
4085
7510
10398
10502
7695
4892
1840
450
93
-127
-302
-423
-657
-925
-1805
-1924
-1630
1594
5523
9224
13426
17154
19720
22339
23273
22344
19696
16346
13473
10291
6833
3484
1178
790
692
1150
3294
6678
9633
11355
8621
5844
2877
594
211
-30
-227
-358
-530
-822
-1379
-2104
-2484
-239
3082
6589
10958
14512
17965
20755
22297
23539
22291
18980
16232
12969
9926
6484
3170
1099
764
762
1125
3134
6478
9459
11362
8854
6141
3224
731
293
12
-171
-305
-486
-673
-1125
-2043
-2396
-1597
1374
4795
8951
12381
16245
19074
21420
23249
23139
21481
18344
15168
12284
9008
5602
2454
966
831
879
1105
3371
6736
9553
11570
8961
6335
3343
827
333
46
-129
-282
-422
-630
-957
-1822
-2471
-2469
215
3410
7223
10728
14704
17615
20429
22464
23246
23230
19842
17490
14238
11200
7915
4622
1582
926
756
880
1249
3967
7199
9716
11404
8830
6283
3419
804
7797
4272
4620
4688
4378
4320
4405
4496
3976
4022
4269
4395
3924
4060
4140
4519
4405
4122
3977
4068
4491
4135
4123
4232
4426
4395
4078
4183
4446
4589
4052
4203
4454
4596
4106
4002
4172
4336
3832
3875
4065
4327
4178
4171
4312
4348
4480
4064
3962
4049
4372
4422
4120
4198
4510
4670
4350
4328
4371
4472
3958
4039
4278
4427
3918
3993
4181
4391
4292
4002
4005
4169
4495
4171
4119
4151
4385
4474
4035
4085
4319
4576
4193
4380
4495
4610
4071
3959
4117
4374
3942
3847
4038
4345
4323
4273
4365
4222
4420
4058
3952
4130
4416
4484
3993
4239
4506
4709
4278
4157
4279
4502
4039
4062
4245
4472
3978
3962
4084
4420
4301
3964
4041
4194
4513
4265
4057
4101
4440
4507
4050
4149
4440
4549
4183
4331
4473
4671
4076
3856
4090
4404
3963
3874
4129
4380
4370
4173
4165
4179
4431
4131
3977
4144
4410
4485
4104
4232
4414
4672
4205
4138
4346
4579
4084
4052
4174
4416
4036
3889
4058
4445
4408
3906
4070
4307
4587
4315
3982
4050
4376
4516
4112
4214
4382
4645
4332
4419
4432
4609
4096
3820
4041
4353
4011
3922
4175
4389
4505
4259
4115
4067
4372
4187
4025
4139
4340
4561
4170
4113
4346
4634
4230
4090
4287
4572
4192
4041
4085
4415
4078
3890
4036
4272
4394
3999
4310
4400
4533
4336
3951
4001
4360
4590
4107
4142
4418
4754
4439
4317
4214
4491
4111
3870
4000
4365
4087
3844
4064
4287
4656
4151
3994
3960
4349
4356
4101
4164
4303
4588
4085
4113
4292
4567
4196
4145
4393
4651
4307
4018
4026
4353
4117
3829
3978
4350
4506
4197
4368
4302
4447
4391
3927
4006
4274
4564
4106
4189
4469
4769
4464
4272
4232
4428
4145
3920
4062
4339
4170
3905
4112
4233
4561
4019
4004
4088
4387
4436
4131
4168
4234
4587
4171
4136
4217
4494
4308
4323
4436
4583
4322
3945
3971
4313
4165
3830
4074
4275
4543
4211
4371
4248
4413
4388
3923
4078
4270
4585
4238
4229
4355
4680
4467
4255
4229
4393
4218
3983
4062
4340
4265
3871
4025
4131
4415
4086
4105
4217
4394
4477
4108
4087
4239
4599
4259
4097
4245
4601
4488
4385
4386
4511
4361
3881
3972
4279
4258
3789
4060
4274
4581
4331
4366
4235
4344
4366
4005
4154
4277
4671
4238
4087
4308
4705
4506
4183
4223
4474
4372
4030
4044
4273
4250
3809
3985
4221
4383
4084
4119
4275
4492
4573
4045
4029
4162
4576
4301
4093
4434
4635
4446
4361
4331
4527
4358
3832
3955
4226
4252
3816
4098
4320
4600
4272
4162
4053
4299
4482
4089
4179
4293
4594
4263
4124
4268
4626
4396
4101
4262
4584
4527
4039
3996
4222
4272
3773
3986
4149
4320
4110
4225
4359
4468
4567
3997
4004
4149
4521
4331
4175
4392
4598
4553
4372
4301
4449
4365
3847
3975
4244
4316
3882
4044
4202
4549
4374
4088
4084
4345
4582
4184
4157
4232
4577
4357
4213
4176
4496
4515
4210
4352
2209
3777
5082
5821
5710
4821
3468
1621
-329
-1943
-3013
-1763
-111
1664
4060
5705
6706
7000
6712
5784
4268
2367
438
-1167
-2172
-1289
562
1919
4286
6074
7218
7578
7075
5840
3957
1639
-787
-2602
-3519
-2670
-177
2163
4983
7194
8706
9300
8961
7699
5608
2979
405
-1623
-2701
-2177
325
2442
5387
7742
9316
9634
8788
7053
4579
1605
-1327
-3317
-3906
-2204
855
4051
7009
9259
10437
10440
9320
7203
4389
1349
-1138
-2536
-2677
75
2547
5823
8337
9948
10172
9181
7252
4596
1412
-1562
-3419
-3921
-1657
2119
5428
8201
10110
10871
10408
8867
6463
3507
620
-1524
-2742
-1981
1333
4546
889
-163
-207
-889
-2110
-1876
-1105
-932
-675
-555
-117
946
4426
7724
10481
12427
13284
12934
11661
9710
6860
3577
370
-1800
-2798
-2091
19
116
32
-30
130
-591
-2286
-3190
-2230
-1127
-835
-662
-503
-132
1457
6617
10894
13907
16163
17084
16595
14789
12160
8618
4438
666
-2203
-3207
-2356
6
127
105
604
755
-676
-2989
-3674
-2889
-1100
-844
-688
-583
-96
1559
7480
14025
17210
19642
20270
19185
17162
13899
9540
4705
533
-2304
-3456
-2197
58
62
322
1031
750
-1340
-3315
-3891
-2559
-1075
-748
-623
-517
44
2120
9542
18027
20433
21998
21845
20664
17665
13339
8116
3550
-797
-3351
-3514
-1267
17
65
286
925
102
-2340
-3772
-3692
-1696
-1025
-730
-632
-368
349
3487
12357
20058
22236
23182
22206
20312
16743
11835
6558
1613
-1824
-3625
-3504
-569
-41
40
209
755
-237
-2551
-3776
-3647
-1614
-956
-702
-657
-376
336
3053
11288
19726
21569
22563
21904
20335
16956
12332
7369
2506
-1279
-3567
-3570
-1670
-46
18
81
592
288
-1527
-3399
-3900
-2744
-1141
-910
-700
-523
-179
844
5931
16461
19749
22091
22773
21596
19292
15787
10975
5861
1209
-1796
-3624
-3653
-936
-50
35
70
690
205
-1737
-3470
-3916
-2692
-1141
-865
-674
-515
-114
597
5306
15544
19675
22000
22976
22042
20011
16743
12250
7073
2323
-1112
-3460
-3799
-1996
-29
-10
68
575
650
-815
-3022
-3918
-3481
-1335
-1006
-747
-564
-394
119
2467
9476
19024
21088
22732
22637
21763
19212
15249
10652
5723
1086
-2014
-3620
-3696
-1247
-33
4
101
823
493
-1227
-3262
-3945
-3373
-1266
-914
-718
-574
-434
184
2899
9875
18922
21146
22960
22790
21942
19631
15786
11357
6528
1473
-1596
-3427
-3753
-1942
-78
32
50
658
769
-550
-2772
-3864
-3682
-1870
-1065
-786
-665
-526
-127
1127
6427
16624
20058
22157
23046
22996
21133
18118
14282
9345
4448
328
-2444
-3914
-3385
-696
-66
25
185
814
593
-1013
-3106
-3858
-3494
-1409
-1024
-810
-563
-517
-97
1582
7128
17124
20164
22429
23072
23129
21482
18508
14770
9977
5145
966
-2108
-3650
-3585
-1529
-43
3
142
556
833
-336
-2535
-3654
-3832
-2432
-1164
-890
-707
-612
-325
383
3824
11948
19111
21045
23194
23680
22613
20725
17533
13184
8724
3881
-145
-2381
-3818
-3241
-334
-53
27
186
682
819
-559
-2704
-3744
-3764
-2254
-1144
-840
-734
-627
-321
323
3497
11490
19022
20901
23104
23870
23022
21380
18463
14376
10010
5242
939
-1776
-3557
-3565
-1589
-42
14
105
304
992
267
-1695
-3292
-3876
-3177
-1312
-978
-759
-706
-480
-109
1001
5777
15109
19357
22201
23318
23869
23147
20916
17981
13910
9292
4841
559
-2035
-3442
-3603
-1262
-42
9
105
361
1049
415
-1393
-3117
-3831
-3240
-1391
-1040
-839
-632
-593
-323
425
3965
11900
18880
21247
22953
24156
23776
22138
19800
16049
11928
7350
2643
-413
-2804
-3709
-2881
-213
12
130
138
691
1020
148
-1846
-3294
-3805
-3118
-1302
-1044
-839
-700
-591
-303
327
4102
11859
18616
21334
23029
24210
24139
22604
20501
17061
13017
8579
3873
460
-2290
-3545
-3394
-1296
-22
46
63
354
1063
768
-680
-2628
-3569
-3623
-2204
-1188
-865
-801
-619
-487
-109
968
5726
15129
18835
21803
23774
24229
24163
22717
20284
17096
12931
8662
3997
551
-1924
-3543
-3264
-1580
-54
2
53
267
899
989
-160
-2153
-3405
-3692
-2845
-1191
-950
-839
-651
-588
-297
178
3117
9510
17839
20486
22683
24121
24733
23760
22344
19619
16233
12264
7516
3445
-35
-2142
-3553
-3121
-1163
-67
3
58
260
870
1041
-21
-1882
-3209
-3593
-2972
-1338
-1009
-794
-670
-592
-494
24
1743
6709
16105
19354
21701
23906
24783
24427
23582
21365
18638
14918
10789
6769
2323
-486
-2718
-3330
-2708
-89
-54
73
180
233
967
1057
20
-1868
-3149
-3611
-2938
-1426
-1024
-818
-754
-629
-517
-113
988
5081
13280
18731
20921
23568
24658
24806
24362
22603
20370
17021
13353
9166
4881
1264
-1298
-2846
-3317
-2129
-63
29
61
185
294
1139
1074
-39
-1879
-3072
-3565
-2911
-1306
1809
9406
9079
8340
7307
5450
3530
1441
-959
-3190
-5074
-6901
-8274
-9099
-9404
-9102
-8425
-7237
-5583
-3672
-1477
833
3136
5125
6736
8106
9087
9418
9344
8428
7315
5572
3600
1548
-811
-3162
-5095
-6803
-8178
-9269
-9393
-9139
-8686
-7291
-5586
-3596
-1570
684
3063
5134
6804
8019
9226
9591
9140
8623
7315
5619
3791
1659
-697
-2965
-4890
-6604
-8149
-9039
-9370
-9168
-8540
-7561
-5862
-3842
-1714
584
2925
4962
6739
8124
9024
9428
9208
8677
7414
5829
3783
1775
-576
-2883
-4820
-6488
-8044
-9028
-9381
-9164
-8734
-7405
-5865
-3926
-1802
442
2840
4825
6494
7906
9011
9373
9176
8697
7469
5860
3929
1873
-457
-2808
-4730
-6414
-7997
-9164
-9584
-9387
-8637
-7555
-5935
-3971
-1889
373
2702
4867
6404
7830
9168
9409
9224
8600
7722
5914
4058
1933
-337
-2630
-4705
-6455
-7948
-8969
-9537
-9387
-8811
-7727
-5987
-4147
-2041
207
2547
4638
6367
7800
8915
9369
9431
8607
7780
6033
4180
2096
-209
-2601
-4559
-6248
-8026
-8931
-9379
-9219
-8870
-7716
-6098
-4140
-2072
128
2475
4575
6259
7726
8894
9384
9288
8839
7667
6050
4169
2171
-71
-2439
-4457
-6176
-7804
-9062
-9515
-9222
-8672
-7828
-6163
-4284
-2227
-15
2350
4563
6213
7803
8829
9395
9493
8687
7902
6215
4393
2270
14
-2374
-4387
-6188
-7863
-8840
-9353
-9489
-8770
-7819
-6350
-4299
-2296
-117
2313
4475
6225
7561
8812
9579
9503
8905
7934
6388
4413
2380
156
-2268
-4375
-6139
-7643
-8996
-9332
-9295
-8722
-7832
-6361
-4510
-2432
-231
2182
4362
6184
7492
8761
9357
9344
8792
7888
6514
4461
2439
254
-2166
-4283
-5904
-7717
-8700
-9540
-9297
-9004
-7917
-6383
-4618
-2565
-350
2012
4161
5968
7606
8739
9337
9319
8985
7924
6462
4692
2637
406
-1970
-4104
-6001
-7646
-8697
-9269
-9524
-8824
-8000
-6527
-4672
-2639
-453
1899
4062
6045
7501
8819
9324
9394
8885
7990
6509
4742
2713
519
-1900
-4015
-5871
-7402
-8680
-9471
-9323
-9048
-8028
-6552
-4750
-2778
-598
1751
3959
5824
7302
8780
9475
9563
8887
8209
6637
4799
2868
634
-1772
-4019
-5694
-7466
-8791
-9447
-9370
-8911
-8105
-6672
-4945
-2803
-666
1742
3896
5725
7356
8710
9487
9592
9103
8069
6804
4962
2927
709
-1661
-3794
-5581
-7397
-8612
-9239
-9329
-9088
-8277
-6704
-4948
-2942
-831
1532
3774
5668
7132
8499
9480
9389
9124
8138
6950
4997
2989
851
-1553
-3718
-5640
-7173
-8531
-9425
-9336
-9160
-8201
-6834
-5014
-2969
-852
1449
3658
5682
7073
8449
9452
9346
8961
8358
6838
5158
3115
941
-1421
-3595
-5575
-7124
-8692
-9192
-9334
-8956
-7785
-7043
-5167
-3155
-1028
1339
3580
5501
7020
8403
9225
9418
9009
8441
6983
5284
3159
1032
-1332
-3551
-5360
-6996
-8455
-9183
-9372
-9036
-8474
-6943
-5170
-3167
-1085
1214
3531
5402
7107
8337
9386
9373
9034
8266
7118
5236
3343
1178
-1209
-3431
-5284
-6942
-8385
-9143
-9358
-9007
-8460
-7047
-5328
-3308
-1228
1126
3462
5477
6888
8280
9152
9460
9103
8334
7087
5322
5078
3287
584
-2104
-4643
-7150
-9151
-10518
-11494
-11864
-11571
-10386
-8939
-6571
-3899
-1063
1848
4632
7344
9599
11218
12435
13050
13041
12538
11011
8924
6473
3580
536
-2484
-5413
-8051
-10218
-11902
-13242
-13605
-13673
-12895
-11158
-9034
-6405
-3411
-312
2766
5754
8219
10536
12032
13292
13733
13525
12475
10875
8738
5987
2935
-208
-3313
-6174
-8670
-10841
-12370
-13141
-13656
-13283
-12016
-10244
-7725
-4791
-1724
1433
4427
7159
9680
11399
12865
13533
13322
12606
11330
8912
6326
3135
-113
-3308
-6369
-8985
-11113
-12517
-13700
-14016
-13563
-12252
-9993
-7339
-4305
-994
2287
5401
8228
10768
12441
13860
14201
13980
13190
11286
8552
5542
2837
-1171
-5141
-9459
-12970
-14970
-16666
-17435
-17641
-16598
-14962
-12208
-8869
-5183
-1237
2689
6439
9852
12788
15232
16841
17828
18072
17654
16253
13824
11086
7698
3745
-452
-5177
-10082
-14281
-17100
-18633
-19618
-19868
-19609
-18228
-15938
-12689
-8658
-4594
-346
3819
7870
11330
14382
16679
18354
19190
19541
18684
17205
14545
11451
7948
3831
-953
-6297
-11478
-15611
-17977
-19535
-20051
-20661
-20118
-18458
-16172
-12779
-8519
-4348
34
4373
8392
11895
14790
17343
19137
20129
20146
19253
17389
14591
11245
7386
2849
-2421
-8046
-13707
-16918
-19494
-20623
-21100
-20507
-20348
-18552
-15920
-12180
-7459
-3036
1605
6056
10071
13604
16809
19151
20752
21213
21074
19751
17306
13709
10056
5616
639
-5233
-10975
-16445
-19231
-21244
-22069
-22634
-22329
-21042
-18724
-15436
-11183
-6118
-1675
3183
7746
11829
15324
18266
20446
21605
21950
21286
19517
16732
13005
9109
4532
-482
-6307
-11885
-16853
-19708
-21642
-22378
-22869
-22513
-21210
-18885
-15632
-11439
-6454
-1912
2863
7403
11500
15128
18154
20393
21663
22150
21739
20271
17671
14247
10454
6044
1233
-4197
-9938
-15144
-18805
-21162
-22418
-22956
-23077
-22221
-20410
-17684
-14085
-9509
-4390
-236
4529
8987
12995
16274
18979
21052
22075
22367
21595
19891
17212
13632
9879
5446
646
-4886
-10508
-15629
-19044
-21324
-22516
-23041
-23142
-22326
-20568
-17890
-14444
-9978
-4878
-801
3904
8359
12400
15730
18538
20696
21957
22398
21923
20533
18130
14845
11191
7020
2394
-2821
-8461
-13695
-17911
-20477
-22129
-22709
-23211
-22827
-21533
-19355
-16344
-12368
-7728
-3150
1304
5829
9928
13662
16889
19382
21147
22078
22341
21619
19907
17326
13932
10287
6049
1426
-3938
-9483
-14608
-18325
-20713
-22237
-22748
-23154
-22722
-21399
-19224
-16176
-12248
-7694
-3235
1168
5662
9750
13394
16597
19160
20941
21935
22405
21779
20252
17882
14683
11167
7096
2633
-2463
-7955
-13090
-17397
-20016
-21802
-22563
-23103
-22986
-22037
-20226
-17580
-14109
-9821
-5054
-1074
3426
7567
11528
14950
17694
19912
21548
22224
22246
21358
19599
16958
13565
10058
5912
1377
-3786
-9214
-14213
-18017
-20392
-22012
-22594
-23131
-22920
-21853
-20022
-17356
-13836
-9615
-5035
-1037
3407
7457
11327
14731
17485
19708
21374
22119
22242
21558
19951
17518
14407
10989
7033
2687
-2148
-7540
-12578
-16976
-19552
-21503
-22464
-23005
-23137
-22474
-21017
-18754
-15735
-11882
-7434
-3358
853
5052
9143
12689
15714
18350
20334
21594
22197
22186
21160
19446
16913
13628
10305
6341
1968
-2905
-8234
-13167
-17262
-19737
-21564
-22452
-23007
-23110
-22483
-21067
-18857
-15946
-12201
-7841
-3818
298
4416
8460
12025
15097
17802
19883
21295
22072
22264
21572
20110
17879
14909
11721
7961
3878
-571
-5813
-10858
-15547
-18487
-20673
-22034
-22615
-23141
-22953
-22043
-20331
-17917
-14781
-10856
-6501
-2830
1487
5433
9212
12709
15646
18086
20124
21474
22058
22236
21496
19975
17789
14832
11752
8121
4077
-306
-5419
-10411
-15045
-18121
-20369
-21790
-22424
-23063
-23058
-22315
-20888
-18712
-15840
-12164
-8004
-4259
-121
3764
7631
11196
14257
16928
19166
20742
21778
22286
21946
20995
19264
16837
13855
10711
7016
2992
-1555
-6558
-11350
-15816
-18533
-20592
-21912
-22494
-23106
-23047
-22296
-20840
-18685
-15885
-12266
-8189
-4569
-478
3378
7111
10696
13734
16400
18695
20382
21576
22162
22065
21387
19925
17772
15028
12063
8614
4816
633
-4184
-9075
-13620
-17149
-19456
-21198
-22107
-22802
-23142
-22878
-21888
-20240
-17942
-14997
-11351
-7181
-3817
139
4023
7602
11004
14037
16534
18752
20445
21498
22149
22094
21394
20094
18015
15430
12574
9272
5608
1581
-2996
-7822
-12371
-16350
-18791
-20675
-21861
-22467
-23071
-23087
-22421
-21127
-19156
-16620
-13319
-9540
-5856
-2162
1646
5248
8814
11951
14734
17180
19102
20692
21762
22135
22068
21257
19902
17827
15243
12486
9242
5634
1721
-2738
-7487
-11981
-15953
-18433
-20362
-21652
-22305
-23003
-23142
-22675
-21592
-19901
-17561
-14612
-11099
-7187
-3878
-143
3477
7069
10233
13209
15750
17901
19773
21064
21771
22199
21863
21030
19467
17389
14720
12095
8833
5271
1486
-2955
-7620
-11985
-15921
-18311
-20238
-21490
-22213
-22951
-23181
-22850
-21896
-20352
-18217
-15511
-12188
-8422
-5153
-1521
2056
5585
8801
11870
14489
16808
18815
20306
21449
21970
22115
21634
20570
18969
16777
14282
11484
8284
4757
1003
-3469
-7994
-12178
-15932
-18245
-20144
-21381
-22062
-22208
-150
2006
4049
6173
7646
8684
9208
9621
8903
7874
6565
4620
2491
235
-1874
-4006
-6027
-7644
-8921
-9217
-9402
-8906
-7889
-6481
-4671
-2608
-287
1959
3964
6009
7587
8600
9343
9384
9111
8110
6653
4739
2660
335
-1819
-4021
-5924
-7505
-8626
-9172
-9405
-9171
-8161
-6694
-4750
-2732
-403
1811
3920
5866
7503
8772
9177
9637
8962
7972
6575
4815
2726
468
-1666
-3803
-5994
-7668
-8802
-9350
-9399
-8967
-8009
-6778
-4985
-2828
-500
1717
3845
5803
7576
8525
9291
9404
8990
8073
6682
4929
2822
562
-1606
-3786
-5716
-7522
-8741
-9139
-9411
-9235
-8096
-6710
-4928
-2900
-632
1576
3701
5691
7404
8531
9119
9422
9112
8072
6732
5013
3024
699
-1507
-3606
-5701
-7350
-8523
-9113
-9372
-9047
-8317
-6814
-5072
-3093
-728
1507
3559
5735
7284
8628
9046
9407
9093
8355
6978
5099
3027
804
-1415
-3545
-5669
-7255
-8670
-9312
-9412
-9111
-8187
-6850
-5116
-3122
-871
1406
3438
5640
7258
8610
9250
9616
9256
8195
6897
5304
3171
906
-1258
-3469
-5532
-7219
-8418
-9062
-9377
-9150
-8277
-6959
-5249
-3230
-953
1299
3418
5403
7124
8374
9027
9422
9172
8287
6955
5273
3315
1023
-1165
-3250
-5462
-7109
-8422
-9087
-9410
-9161
-8455
-7003
-5426
-3340
-1088
1209
3235
5438
7109
8514
9014
9393
9120
8308
7198
5502
3387
1115
-1104
-3193
-5316
-7167
-8321
-9039
-9569
-9405
-8574
-7261
-5432
-3426
-1200
1111
3197
5313
7136
8315
9005
9411
9409
8572
7250
5453
3538
1232
-952
-3028
-5172
-6972
-8331
-9034
-9557
-9385
-8570
-7308
-5517
-3560
-1323
972
3052
5133
7090
8227
8938
9557
9386
8609
7212
5691
3563
1357
-874
-3025
-5086
-6851
-8408
-9198
-9559
-9282
-8512
-7254
-5713
-3640
-1422
857
2992
5000
6855
8381
9158
9406
9261
8468
7390
5738
3699
1474
-759
-2843
-5001
-6824
-8180
-9165
-9326
-9235
-8496
-7462
-5827
-3851
-1548
770
2873
4928
6748
8278
9084
9345
9265
8538
7503
5756
3793
1590
-659
-2808
-4873
-6700
-8124
-9156
-9348
-9345
-8593
-7381
-5770
-3931
-1698
652
2738
4906
6707
8120
9111
9358
9267
8723
7380
5940
3990
1734
-541
-2657
-4807
-6652
-8226
-8904
-9285
-9467
-8608
-7458
-6016
-4047
-1791
558
2708
4705
6735
8175
9049
9304
9315
8648
7486
6025
3990
1767
-441
-2574
-4755
-6524
-8017
-8914
-9343
-9363
-8656
-7506
-5950
-4058
-1931
428
2587
4607
6694
8012
8861
9511
9300
8644
7687
5991
4117
1948
-323
-2516
-4605
-6489
-7926
-8826
-9246
-9332
-8713
-7759
-6053
-4153
-2009
317
2439
4612
6422
8084
8991
9295
9380
8725
7751
6046
4257
1997
-225
-2320
-4209
-6539
-7926
-8867
-9298
-9376
-8740
-7634
-6131
-4256
-2116
203
2344
4528
6407
8046
8779
9273
9343
8742
7664
6166
4317
2123
-127
-2278
-4492
-6302
-7806
-8775
-9235
-9390
-8982
-7720
-6331
-4321
-2233
95
2240
4296
6399
7807
8946
9277
9415
8795
7707
6205
4380
2222
-20
-2121
-4353
-6252
-7791
-8781
-9230
-9572
-9003
-7912
-6302
-4455
-2353
7
2175
4233
6225
7755
8830
9532
9750
9198
8379
7164
5317
3079
700
-1806
-4408
-6400
-8342
-9822
-10721
-11108
-10890
-10086
-8849
-6945
-4579
-2098
505
3127
5818
7968
9447
11007
11913
12046
11370
10277
8665
6640
4273
1724
-976
-3628
-6198
-8270
-9829
-11190
-11821
-11829
-11205
-10168
-8264
-6235
-3676
-1165
1434
3999
6364
8463
10065
11165
11619
11419
10564
9215
7445
5438
2958
309
-2280
-4795
-7078
-9098
-10249
-11161
-11395
-10958
-9938
-8402
-6526
-4070
-1652
936
3482
5893
8315
9670
11149
11438
11511
10493
9333
7514
5308
2663
53
-2644
-5304
-7861
-9652
-10787
-11789
-11756
-11209
-10051
-8348
-6304
-3726
-1097
1686
4429
7267
9619
10858
12079
14235
15056
14794
13159
10891
8180
4975
1088
-2963
-6882
-10633
-13517
-15391
-16343
-16546
-15753
-14448
-12563
-10127
-7388
-3998
-668
2600
5806
8945
11515
13641
15916
17297
17964
17436
15984
13560
10692
7440
3553
-779
-5224
-9462
-13273
-16212
-17332
-17802
-17699
-16560
-15097
-12660
-10141
-7033
-3666
-135
3287
6542
9778
12297
14246
16529
18150
18828
18042
16185
13672
10861
7411
3452
-1067
-5627
-9875
-13858
-16861
-17862
-17683
-17520
-16200
-14444
-12209
-9454
-6425
-2963
560
3881
7408
10740
13393
15474
17823
19248
19164
18219
15823
13483
10406
6599
2269
-2341
-7132
-11537
-15533
-18381
-18802
-17798
-17506
-16244
-14363
-11506
-8562
-5189
-1583
1858
5751
9732
13032
15439
17877
19904
20894
20391
18721
16086
13009
9271
5143
359
-4611
-9453
-13889
-17622
-19889
-19535
-18365
-17728
-16200
-14092
-11200
-7806
-4130
-547
3059
7119
11056
14378
16586
18936
20712
21429
20628
18716
15778
12695
8918
4806
12
-4910
-9701
-14075
-17758
-20141
-19980
-18645
-18190
-16772
-14709
-11797
-8480
-4911
-1321
2278
6439
10375
13755
16327
18476
20515
21592
21353
19797
17239
14218
10706
6755
2329
-2551
-7388
-11964
-16017
-19260
-20551
-19269
-19029
-17978
-16213
-13886
-11001
-7589
-3828
-373
3382
7333
11193
14507
16726
18963
20846
21788
21337
19704
17075
14115
10604
6685
2308
-2509
-7287
-11827
-15860
-19166
-20598
-19495
-19103
-18218
-16551
-14339
-11581
-8281
-4644
-1151
2394
6226
10195
13549
16124
18185
20329
21592
21661
20424
18229
15339
12160
8442
4432
-266
-5014
-9637
-13902
-17547
-20071
-20354
-18921
-18742
-17570
-15857
-13297
-10280
-7058
-3501
-65
3558
7376
11137
14368
16574
18711
20655
21701
21447
20059
17700
14898
11682
7954
3948
-704
-5379
-9915
-14095
-17660
-19983
-20235
-18941
-18736
-17553
-15918
-13483
-10534
-7355
-3909
-529
3018
6731
10477
13732
16177
18170
20247
21530
21631
20528
18505
15756
12796
9263
5458
1038
-3585
-8139
-12423
-16212
-19211
-20295
-19109
-18964
-18269
-16902
-14719
-12181
-9301
-5917
-2376
769
4312
8115
11666
14582
16646
18854
20705
21690
21479
20150
17925
15211
12193
8634
4846
385
-4168
-8613
-12804
-16482
-19275
-20190
-18994
-18957
-18213
-16961
-14842
-12320
-9536
-6269
-2779
324
3757
7478
10985
14025
16236
18268
20290
21504
21703
20664
18778
16126
13402
10048
6412
2281
-2189
-6635
-10911
-14785
-18068
-19951
-19721
-18910
-18835
-17714
-16054
-13995
-11383
-8343
-5210
-1844
1161
4779
8332
11768
14517
16424
18696
20558
21622
21629
20457
18498
15898
13166
9857
6267
2165
-2221
-6602
-10800
-14630
-17892
-19862
-19701
-18834
-18878
-17895
-16343
-14419
-11942
-9031
-6008
-2757
353
3700
7096
10675
13558
15781
17772
19893
21281
21822
21091
19538
17146
14683
11672
8285
4615
348
-3982
-8242
-12264
-15845
-18746
-19972
-19138
-19001
-18518
-17636
-16000
-13831
-11432
-8592
-5446
-2274
644
3998
7359
10720
13636
15693
17741
19827
21235
21795
21159
19706
17447
15058
12173
8915
5402
1258
-2985
-7185
-11216
-14882
-17980
-19732
-19506
-18796
-18790
-18113
-16671
-14827
-12654
-9951
-7108
-4086
-980
2017
5270
8705
11805
14341
16142
18414
20272
21470
21700
20905
19328
16981
14620
11738
8484
4993
894
-3275
-7400
-11340
-14916
-17976
-19615
-19444
-18821
-18772
-18176
-16871
-15065
-13042
-10489
-7726
-4824
-1674
1092
4275
7628
10739
13495
15485
17490
19566
21044
21736
21379
20185
18254
15950
13415
10412
7157
3432
-618
-4711
-8696
-12475
-15843
-18591
-19714
-18887
-18989
-18699
-17868
-16706
-14878
-12744
-10390
-7560
-4705
-1797
1041
4047
7332
10463
13107
15198
17128
19257
20822
21677
21578
20568
18887
16608
14319
11499
8384
4969
1043
-2966
-6928
-10757
-14260
-17309
-19226
-19552
-18656
-18875
-18485
-17543
-16028
-14316
-12069
-9630
-7012
-4001
-1212
1465
4600
7679
10736
13265
15214
17206
19283
20829
21687
21641
20698
19097
16896
14703
12015
9026
5766
1959
-1942
-5843
-9638
-13191
-16331
-18695
-19588
-18639
-18874
-18787
-17997
-16826
-15364
-13315
-11158
-8646
-5891
-3154
-353
2343
5304
8411
11204
13573
15287
17517
19494
20924
21746
21612
20671
19110
16951
14841
12235
9355
6209
2511
-1301
-5138
-8874
-12410
-15583
-18181
-19440
-18982
-18714
-18914
-18272
-17369
-16085
-14255
-12317
-9953
-7449
-4784
-1904
433
3406
6282
9199
11833
13982
15681
17920
19780
21091
21799
21519
20558
19023
16932
14869
12341
9528
6508
611
12355
12982
13608
14232
14858
15485
16112
355
985
1616
2248
2880
3512
4146
4779
5409
6039
6668
7297
7926
8554
9182
9812
10441
11068
11695
12322
12949
13575
14200
14826
15453
16080
323
953
1585
2217
2849
3482
4115
4748
5379
6008
6637
7267
7896
8524
9152
9781
10411
11039
11665
12292
12920
13546
14170
14796
15423
16050
293
922
1554
2186
2817
3449
4083
4716
5347
5976
6605
7235
7864
8492
9120
9749
10379
11006
11632
12260
12887
13513
14138
14764
15391
16018
261
891
1522
2155
2786
3419
4053
4686
5316
5946
6575
7204
7834
8461
9090
9719
10348
10976
11603
12230
12857
13484
14108
14734
15361
15988
231
860
1492
2124
2755
3387
4021
4654
5284
5914
6543
7173
7802
8430
9058
9687
10317
10944
11571
12198
12825
13452
14076
14702
15329
15956
199
828
1460
2092
2723
3356
3990
4623
5254
5883
6512
7142
7771
8399
9027
9656
10286
10914
11541
12168
12796
13422
14047
14673
15299
15927
170
799
1430
2062
2693
3325
3959
4592
5223
5852
6481
7111
7741
8369
8996
9626
10255
10883
11509
12136
12764
13390
14015
14641
15267
15895
138
767
1398
2030
2662
3294
3928
4561
5192
5822
6451
7080
7710
8338
8966
9595
10225
10853
11479
12106
12734
13361
13986
14611
15238
15865
108
737
1368
2001
2632
3264
3897
4530
5161
5790
6420
7049
7679
8307
8935
9564
10194
10822
11448
12075
12702
13329
13954
14579
15206
15833
76
705
1336
1968
2600
3231
3865
4498
5130
5759
6388
7017
7647
8275
8903
9532
10162
10790
11417
12043
12671
13298
13923
14549
15175
15802
45
674
1305
1937
2569
3200
3833
4466
5098
5727
6356
6985
7614
8243
8870
9499
10129
10758
11385
12011
12639
13266
13891
14516
15142
15770
13
641
1272
1905
2536
3168
3801
4434
5066
5696
6325
6954
7584
8212
8840
9469
10099
10728
11354
11981
12609
13236
13861
14486
15113
15740
16367
612
1242
1875
2506
3138
3771
4404
5035
5665
6294
6923
7552
8180
8808
9437
10066
10696
11322
11949
12577
13204
13829
14454
15080
15707
16335
579
1210
1842
2474
3105
3738
4372
5004
5633
6263
6892
7522
8150
8778
9407
10037
10666
11293
11919
12547
13174
13799
14425
15051
15678
16306
550
1181
1813
2445
3076
3709
4343
4975
5604
6233
6862
7491
8119
8747
9376
10005
10635
11261
11888
12516
13143
13768
14393
15019
15647
16274
518
1148
1781
2413
3044
3678
4311
4943
5573
6202
6832
7462
8090
8718
9347
9977
10606
11233
11860
12487
13115
13740
14365
14992
15619
16246
490
1121
1753
2385
3016
3650
4283
4915
5545
6173
6802
7432
8060
8687
9316
9945
10575
11202
11828
12456
13083
13709
14334
14960
15587
16214
458
1088
1721
2353
2984
3617
4251
4883
5513
6143
6772
7402
8031
8659
9287
9917
10547
11174
11800
12428
13056
13681
14306
14932
15560
16187
431
1061
1694
2326
2957
3590
4224
4856
5486
6115
6744
7373
8002
8629
9257
9887
10516
11143
11769
12397
13025
13651
14275
14901
15529
16162
401
1007
1596
2178
2761
3357
3973
4615
5280
5960
6636
7291
7918
8513
9080
9627
10162
10694
11232
11785
12359
12958
13581
14222
14866
15496
16106
305
864
1405
1935
2465
3004
3562
4148
4766
5413
6081
6748
7396
8014
8598
9152
9682
10199
10712
11234
11775
12345
12952
13593
14259
14932
15587
16214
422
984
1522
2048
2575
3116
3686
4294
4946
5633
6337
7034
7701
8327
8911
9461
9989
10509
11034
11577
12153
12770
13430
14122
14823
15509
16160
388
964
1514
2051
2590
3146
3733
4363
5036
5737
6447
7146
7813
8437
9020
9573
10107
10637
11177
11741
12340
12980
13655
14345
15036
15706
16343
581
1201
1818
2433
3046
3657
4263
4864
5459
6048
6631
7206
7763
8299
8814
9312
9799
10284
10775
11281
11812
12377
12975
13597
14230
14866
15495
16114
340
940
1533
2123
2711
3300
3887
4470
5048
5620
6187
6750
7307
7849
8368
8864
9343
9811
10278
10753
11247
11772
12337
12937
13562
14199
14838
15470
16091
316
915
1508
2100
2694
3290
3884
4472
5055
5631
6200
6764
7322
7867
8384
8877
9352
9815
10279
10754
11254
11792
12375
12994
13635
14287
14937
15576
16201
429
1030
1627
2224
2823
3423
4021
4612
5195
5771
6339
6901
7457
8001
8516
9007
9482
9950
10424
10918
11446
12019
12628
13264
13914
14567
15212
15844
76
679
1273
1864
2455
3048
3641
4230
4812
5386
5953
6513
7067
7615
8150
8659
9146
9621
10094
10579
11088
11635
12219
12832
13463
14104
14743
15372
15988
205
795
1376
1954
2534
3114
3694
4269
4838
5401
5957
6506
7050
7589
8117
8620
9103
9574
10042
10519
11017
11551
12119
12714
13329
13953
14577
15194
15800
8
589
1161
1728
2294
2863
3431
3998
4559
5114
5663
6206
6743
7275
7802
8311
8798
9267
9728
10190
10665
11164
11698
12264
12854
13460
14073
14685
15289
15881
77
647
1208
1766
2323
2882
3442
4000
4552
5099
5639
6174
6703
7227
7747
8250
8731
9195
9648
10101
10564
11048
11566
12117
12693
13287
13890
14494
15092
15679
16255
436
992
1542
2092
2643
3196
3747
4296
4838
5374
5905
6429
6949
7463
7970
8456
8921
9372
9816
10264
10725
11212
11734
12285
12859
13449
14045
14640
15227
15804
16369
540
1087
1629
2172
2716
3262
3806
4346
4881
5409
5931
6448
6960
7467
7967
8444
8902
9345
9782
10221
10673
11149
11658
12198
12762
13341
13927
14514
15096
15666
16226
391
931
1466
2000
2536
3074
3612
4146
4675
5198
5715
6227
6733
7235
7732
8212
8671
9113
9545
9974
10409
10862
11343
11858
12400
12962
13537
14116
14693
15263
15822
16370
524
1054
1581
2108
2637
3167
3696
4221
4740
5254
5762
6265
6762
7256
7744
8215
8665
9099
9522
9943
10370
10812
11281
11783
12312
12862
13425
13994
14562
15123
15675
16216
362
885
1404
1921
2439
2960
3481
4000
4514
5022
5524
6021
6513
7001
7484
7957
8410
8844
9265
9678
10092
10514
10956
11427
11930
12457
13003
13559
14120
14677
15228
15768
16298
435
948
1458
1967
2478
2991
3503
4013
4518
5017
5511
5999
6483
6963
7438
7904
8350
8778
9191
9597
10001
10412
10840
11294
11780
12292
12824
13369
13918
14468
15012
15546
16071
202
709
1211
1711
2212
2715
3220
3724
4223
4717
5206
5689
6168
6642
7112
7577
8029
8462
8877
9280
9676
10073
10478
10900
11350
11831
12337
12861
13396
13936
14475
15008
15533
16047
169
667
1160
1650
2142
2637
3132
3627
4117
4603
5083
5558
6029
6495
6957
7415
7864
8294
8706
9104
9493
9879
10270
10673
11099
11554
12037
12541
13060
13587
14117
14644
15165
15676
16177
286
773
1255
1737
2220
2706
3192
3677
4158
4634
5105
5572
6033
6490
6943
7393
7833
8256
8660
9051
9431
9808
10189
10580
10991
11430
11897
12387
12892
13408
13927
14446
14959
15463
15958
60
540
1014
1487
1960
2435
2911
3387
3862
4331
4796
5256
5711
6162
6609
7052
7491
7918
8327
8719
9098
9469
9837
10209
10592
10994
11424
11881
12360
12855
13360
13868
14376
14879
15373
15859
16337
423
889
1351
1814
2279
2745
3213
3678
4139
4596
5049
5497
5940
6379
6815
7247
7673
8083
8475
8852
9218
9577
9936
10301
10679
11078
11504
11957
12429
12915
13410
13908
14404
14895
15378
15853
16320
396
852
1305
1757
2211
2668
3124
3580
4032
4479
4922
5361
5795
6226
6653
7076
7496
7902
8292
8665
9026
9379
9728
10079
10438
10813
11210
11635
12084
12550
13027
13512
13998
14482
14960
15430
15892
16347
412
857
1299
1742
2186
2632
3078
3524
3966
4404
4838
5268
5693
6115
6533
6947
7359
7761
8147
8516
8872
9217
9557
9897
10242
10598
10972
11370
11795
12240
12699
13168
13641
14115
14586
15050
15507
15956
14
451
885
1316
1748
2181
2616
3052
3486
3917
