1651 9 b000 1 4718 9
276
269
254
233
205
171
132
89
45
-1
-48
-93
-136
-175
-207
-233
-254
-268
-274
-272
-263
-245
-221
-191
-155
-114
-71
-26
20
64
108
149
188
219
243
260
272
275
271
260
240
215
182
145
104
59
13
-32
-78
-121
-161
-196
-226
-249
-264
-273
-272
-266
-251
-229
-201
-167
-128
-86
-41
5
51
95
138
174
207
236
257
270
276
274
264
248
224
194
158
118
75
29
-17
-63
-108
-150
-185
-216
-243
-261
-272
-275
-270
-257
-237
-211
-179
-142
-100
-56
-11
34
79
124
164
197
225
249
265
274
276
268
254
232
204
171
132
89
44
-1
-48
-93
-136
-175
-208
-235
-255
-268
-274
-272
-262
-245
-221
-190
-155
-114
-71
-25
20
65
109
150
186
218
245
261
273
275
271
260
240
214
182
145
104
58
12
-34
-80
-123
-161
-197
-227
-251
-266
-274
-274
-266
-252
-230
-201
-167
-128
-85
-41
4
51
96
138
175
207
234
255
270
276
273
263
247
223
193
158
118
74
29
-17
-63
-108
-150
-187
-217
-242
-260
-272
-275
-270
-257
-238
-211
-179
-141
-99
-55
-9
35
80
123
163
198
227
249
265
273
274
268
253
232
204
170
131
88
43
-3
-49
-94
-135
-174
-209
-237
-257
-269
-274
-272
-262
-246
-221
-190
-154
-114
-70
-24
21
67
110
150
185
216
243
262
273
275
270
259
240
214
182
145
104
59
13
-33
-80
-122
-162
-196
-226
-249
-265
-274
-274
-266
-251
-230
-201
-167
-127
-85
-40
5
51
96
138
176
208
235
255
268
274
273
264
246
223
193
158
117
74
28
-17
-63
-107
-150
-187
-219
-243
-261
-271
-274
-271
-258
-238
-211
-178
-141
-99
-54
-8
36
81
123
163
199
229
250
266
272
273
267
253
232
204
170
131
90
44
-2
-48
-94
-135
-172
-206
-235
-256
-269
-274
-272
-261
-244
-220
-190
-154
-114
-71
-25
20
66
110
151
187
216
242
260
271
275
270
258
239
213
182
145
103
60
14
-32
-78
-121
-161
-197
-227
-248
-264
-273
-274
-267
-251
-229
-201
-167
-127
-84
-40
6
51
95
138
176
209
235
256
268
274
273
264
247
223
193
158
118
74
28
-17
-62
-106
-146
-185
-217
-242
-260
-270
-272
-268
-257
-237
-211
-178
-141
-100
-56
-10
37
81
124
162
197
227
250
266
274
274
266
252
231
204
170
131
89
45
-1
-47
-93
-135
-173
-205
-233
-254
-269
-275
-272
-262
-244
-220
-190
-154
-113
-70
-25
21
66
111
151
188
218
243
260
271
276
272
259
239
214
182
145
103
58
13
-31
-76
-119
-161
-196
-227
-250
-267
-275
-272
-260
-239
-212
-182
-150
-116
-80
-41
-3
34
71
107
143
178
207
232
251
265
276
281
279
271
256
235
208
177
138
94
42
-12
-68
-125
-175
-216
-250
-271
-284
-288
-284
-272
-252
-226
-197
-165
-131
-95
-57
-19
19
58
98
136
173
206
236
260
278
294
305
310
308
299
283
262
234
201
161
114
60
0
-65
-129
-190
-240
-279
-306
-321
-327
-323
-307
-283
-251
-215
-176
-135
-93
-50
-4
40
85
130
173
214
251
283
310
331
347
358
361
355
341
320
292
256
214
164
105
38
-37
-115
-191
-256
-310
-347
-372
-383
-382
-369
-343
-308
-265
-218
-168
-117
-66
-13
39
93
146
199
247
292
331
362
388
406
418
422
416
400
376
343
302
253
196
129
53
-32
-121
-206
-283
-346
-394
-425
-441
-442
-433
-409
-372
-324
-267
-203
-134
-61
12
86
158
226
288
344
393
433
462
478
485
484
476
461
440
410
375
333
284
228
164
93
16
-62
-143
-220
-293
-359
-416
-461
-494
-515
-524
-521
-506
-481
-446
-402
-350
-290
-226
-157
-85
-12
60
131
200
265
324
377
424
462
491
511
522
525
519
506
486
460
428
390
348
300
246
186
121
49
-25
-101
-177
-249
-315
-375
-425
-466
-496
-515
-524
-521
-509
-486
-454
-413
-365
-311
-250
-186
-118
-49
20
90
157
222
284
340
390
433
468
495
513
523
525
519
506
487
462
431
396
356
311
261
206
145
78
6
-67
-142
-215
-284
-346
-400
-445
-481
-506
-520
-524
-518
-502
-476
-442
-401
-352
-297
-238
-175
-109
-41
26
93
159
223
282
337
386
429
464
492
511
522
525
521
510
494
472
445
413
377
337
292
243
188
127
61
-8
-81
-154
-224
-290
-350
-403
-446
-481
-505
-519
-524
-519
-505
-482
-451
-413
-368
-317
-261
-202
-139
-75
-10
55
119
181
241
297
349
395
434
467
493
511
522
525
522
513
498
478
454
425
393
357
316
272
223
169
109
45
-22
-92
-161
-228
-291
-348
-398
-441
-475
-500
-516
-523
-522
-512
-495
-469
-437
-398
-354
-304
-251
-194
-135
-74
-12
48
109
169
226
280
330
375
416
450
478
500
515
523
525
521
512
499
480
458
432
402
369
332
292
248
199
146
88
26
-38
-103
-168
-231
-290
-343
-391
-432
-466
-492
-510
-521
-524
-519
-507
-489
-463
-432
-395
-353
-307
-257
-204
-149
-93
-35
22
80
136
191
243
293
339
380
417
449
476
497
512
521
525
524
518
507
493
474
452
427
399
368
334
296
255
211
162
109
52
-7
-68
-129
-189
-246
-300
-350
-394
-432
-463
-488
-507
-519
-524
-522
-514
-500
-480
-455
-425
-389
-350
-307
-261
-212
-161
-109
-55
-1
52
105
157
207
255
301
343
381
416
446
471
492
507
518
524
525
522
515
505
491
474
453
430
404
376
345
312
275
236
192
146
95
41
-14
-71
-128
-184
-237
-288
-335
-378
-415
-447
-474
-495
-511
-520
-524
-522
-515
-502
-484
-462
-435
-404
-369
-331
-290
-246
-201
-153
-104
-55
-4
45
94
143
190
235
279
319
357
391
422
449
472
491
506
516
522
525
524
519
512
501
487
471
452
431
407
382
354
324
292
256
218
177
133
85
34
-17
-70
-122
-174
-224
-272
-317
-358
-395
-428
-456
-479
-497
-511
-520
-524
-523
-517
-507
-492
-473
-451
-424
-394
-362
-327
-289
-249
-207
-164
-119
-73
-27
19
65
110
155
198
239
279
316
351
383
413
439
461
481
496
508
517
523
525
524
521
515
506
495
481
465
448
428
407
384
359
332
303
272
239
202
163
122
77
30
-17
-66
-115
-162
-209
-254
-296
-335
-372
-404
-433
-458
-479
-496
-509
-518
-523
-524
-520
-513
-502
-488
-469
-448
-424
-397
-368
-337
-303
-268
-230
-191
-151
-110
-68
-25
17
59
101
142
181
220
257
292
325
357
386
412
436
457
475
491
503
513
520
524
525
522
518
510
501
490
476
462
445
427
408
388
366
342
317
290
261
230
197
162
124
84
42
0
-43
-87
-130
-173
-214
-254
-291
-327
-360
-390
-417
-441
-462
-481
-496
-508
-516
-522
-524
-523
-518
-511
19
64
108
149
186
218
244
261
272
276
271
259
240
213
181
143
102
57
11
-35
-80
-122
-160
-195
-226
-250
-266
-273
-274
-266
-252
-230
-202
-168
-129
-87
-43
2
48
93
135
174
206
234
256
270
276
273
264
246
222
192
156
115
72
26
-18
-64
-108
-149
-186
-217
-241
-260
-271
-274
-270
-258
-238
-211
-179
-142
-101
-57
-11
34
79
122
162
198
227
250
265
274
275
268
254
232
203
168
129
86
41
-5
-50
-94
-134
-172
-207
-235
-256
-268
-273
-271
-262
-246
-221
-191
-156
-116
-73
-27
19
64
108
147
184
216
242
261
273
275
271
259
240
213
180
143
101
57
11
-35
-80
-123
-162
-197
-225
-248
-264
-273
-273
-266
-251
-229
-201
-167
-128
-86
-42
2
48
94
136
175
208
235
255
270
276
275
265
247
222
191
155
114
71
25
-20
-64
-110
-151
-187
-219
-243
-260
-270
-273
-270
-258
-238
-211
-179
-142
-101
-57
-11
34
78
121
160
196
227
249
266
273
275
268
253
231
202
168
129
87
41
-5
-51
-95
-137
-174
-207
-235
-256
-269
-274
-271
-261
-244
-220
-190
-155
-115
-72
-27
18
64
108
149
186
216
241
262
273
277
271
259
239
212
180
142
100
56
10
-35
-81
-125
-164
-199
-227
-248
-266
-274
-275
-267
-252
-229
-201
-167
-129
-86
-41
3
48
92
134
174
208
234
254
268
275
273
265
247
222
191
155
115
71
25
-20
-65
-109
-150
-187
-218
-244
-261
-270
-274
-269
-257
-238
-211
-179
-142
-101
-57
-12
34
79
121
160
196
226
249
266
274
274
267
253
231
202
168
128
86
41
-5
-52
-97
-138
-176
-208
-235
-256
-269
-275
-272
-262
-244
-220
-190
-154
-115
-71
-28
17
63
107
149
185
216
241
258
271
275
271
259
239
212
180
142
100
56
10
-35
-79
-122
-162
-198
-226
-250
-264
-273
-273
-266
-252
-230
-201
-167
-129
-87
-42
3
48
93
133
171
205
233
254
267
274
272
263
246
222
191
155
115
72
25
-20
-66
-109
-150
-185
-217
-244
-262
-271
-275
-269
-257
-237
-211
-179
-142
-101
-57
-12
33
80
122
161
194
224
247
264
274
274
266
252
230
202
168
129
86
41
-3
-49
-95
-137
-175
-207
-234
-254
-267
-273
-272
-262
-245
-220
-190
-154
-115
-71
-26
18
63
106
147
184
216
242
259
270
273
270
258
238
212
180
142
101
56
9
-36
-80
-123
-162
-197
-228
-250
-266
-273
-273
-266
-252
-230
-201
-167
-128
-87
-42
4
50
94
134
173
206
234
256
269
275
272
262
245
222
191
155
111
61
6
-47
-98
-142
-176
-204
-227
-247
-263
-275
-278
-276
-268
-255
-238
-215
-188
-156
-121
-84
-44
-2
40
80
120
155
188
219
247
268
282
285
277
258
228
189
144
96
45
-6
-57
-106
-151
-187
-218
-242
-262
-278
-291
-297
-298
-294
-285
-270
-250
-225
-195
-161
-124
-84
-42
2
46
90
131
171
207
242
272
297
314
320
315
296
263
219
167
110
50
-10
-71
-129
-180
-224
-258
-285
-307
-325
-336
-343
-342
-336
-323
-304
-279
-248
-211
-171
-126
-79
-28
24
76
126
175
220
262
299
331
357
371
374
360
330
283
224
158
88
16
-55
-125
-190
-247
-294
-331
-359
-380
-393
-401
-401
-394
-380
-360
-331
-295
-253
-205
-152
-96
-37
23
84
143
201
255
303
346
384
412
430
436
423
390
341
277
204
126
45
-34
-115
-191
-260
-321
-372
-411
-440
-457
-464
-459
-443
-414
-376
-329
-275
-213
-148
-82
-16
47
109
168
226
278
328
373
413
449
480
501
512
509
495
467
428
377
317
249
175
98
20
-57
-134
-206
-274
-336
-390
-436
-473
-500
-517
-524
-521
-507
-484
-452
-412
-364
-309
-249
-185
-118
-51
13
78
139
198
253
304
351
393
431
464
491
511
523
524
515
494
462
419
367
307
240
170
96
21
-52
-125
-195
-261
-321
-375
-421
-460
-490
-510
-522
-524
-516
-500
-474
-441
-399
-351
-296
-237
-173
-108
-43
19
81
140
197
250
299
345
386
423
455
483
505
519
525
520
505
478
441
394
339
276
209
138
65
-7
-80
-150
-217
-280
-337
-387
-431
-466
-494
-512
-522
-523
-516
-499
-474
-442
-401
-354
-301
-244
-183
-119
-56
5
65
123
178
230
279
324
365
403
436
465
490
509
521
525
518
502
474
437
390
335
275
209
140
70
0
-71
-139
-204
-266
-322
-373
-417
-454
-483
-505
-518
-524
-521
-510
-492
-465
-432
-391
-345
-294
-238
-180
-119
-59
0
57
113
166
216
264
308
348
385
419
449
475
497
513
523
524
517
499
472
436
392
341
284
222
157
91
24
-43
-108
-172
-232
-288
-340
-386
-426
-460
-486
-506
-519
-524
-522
-512
-496
-473
-443
-407
-366
-320
-269
-216
-160
-103
-47
8
62
114
164
212
257
299
338
374
406
436
463
486
504
518
524
523
514
497
471
437
396
349
296
240
180
118
55
-7
-69
-130
-189
-244
-296
-344
-387
-424
-456
-482
-502
-516
-523
-523
-518
-506
-488
-464
-435
-400
-361
-317
-270
-220
-168
-116
-63
-11
38
88
135
181
225
266
305
341
375
405
433
459
481
499
513
522
525
520
509
489
463
430
391
346
297
245
190
133
75
16
-42
-99
-155
-208
-259
-306
-350
-389
-424
-454
-479
-498
-512
-521
-524
-521
-513
-500
-481
-458
-429
-397
-360
-320
-276
-230
-183
-134
-86
-38
9
55
100
144
186
227
265
301
335
366
396
422
447
469
488
504
516
523
525
520
509
491
468
438
403
364
320
273
223
171
118
64
9
-44
-97
-149
-199
-247
-292
-333
-372
-406
-436
-462
-484
-501
-513
-521
-524
-522
-515
-504
-488
-468
-444
-416
-384
-349
-311
-270
-228
-184
-140
-95
-51
-8
34
76
117
157
195
232
267
300
331
360
388
413
436
458
477
494
508
518
524
525
520
510
495
474
448
418
383
345
303
259
213
165
115
65
15
-34
-84
-132
-179
-224
-267
-307
-344
-378
-409
-437
-461
-481
-497
-510
-519
-523
-524
-520
-512
-501
-485
-466
-444
-418
-389
-358
-324
-287
-250
-210
-170
-130
-89
-50
-10
28
66
104
140
176
210
243
274
304
332
358
383
407
429
449
468
484
499
511
519
524
525
521
512
499
481
459
433
403
370
334
295
255
212
168
123
77
31
-14
-60
-105
-149
-191
-232
-271
-307
-341
-372
-401
-427
-450
-470
-487
-501
-512
-519
-523
-524
-521
-514
-504
-492
-476
-457
-435
-411
-384
-355
-324
-292
-258
-222
-186
-148
-109
-69
-29
11
51
88
123
157
190
220
250
278
305
330
354
376
398
418
437
455
472
486
499
510
518
523
525
523
517
508
495
479
459
436
410
381
350
317
283
247
209
170
130
89
47
6
-35
-75
-115
10045
11476
12581
13338
13719
13707
13304
12522
11393
9951
8219
6250
4101
1833
-479
-2773
-4989
-7067
-8945
-10571
-11892
-12878
-13507
-13752
-13608
-13076
-12171
-10926
-9384
-7573
-5542
-3352
-1066
1246
3517
5690
7706
9505
11031
12244
13115
13620
13738
13464
12805
11785
10443
8801
6905
4810
2578
272
-2033
-4281
-6412
-8362
-10075
-11501
-12597
-13342
-13714
-13694
-13287
-12500
-11359
-9909
-8182
-6216
-4072
-1811
498
2787
4997
7071
8947
10569
11890
12877
13508
13754
13609
13076
12172
10933
9388
7569
5532
3335
1046
-1268
-3541
-5718
-7735
-9535
-11062
-12272
-13138
-13639
-13752
-13475
-12815
-11789
-10441
-8805
-6914
-4823
-2594
-291
2013
4256
6384
8332
10046
11471
12571
13323
13699
13685
13282
12499
11369
9924
8193
6224
4078
1814
-497
-2788
-5003
-7079
-8956
-10578
-11898
-12879
-13503
-13743
-13592
-13056
-12147
-10898
-9353
-7539
-5506
-3315
-1029
1281
3548
5717
7729
9523
11046
12253
13121
13623
13736
13458
12796
11774
10431
8788
6890
4794
2558
252
-2053
-4299
-6429
-8378
-10091
-11514
-12609
-13353
-13722
-13701
-13291
-12501
-11358
-9907
-8178
-6211
-4065
-1802
510
2801
5010
7082
8956
10576
11894
12877
13503
13746
13597
13061
12152
10911
9364
7543
5507
3313
1023
-1288
-3560
-5735
-7749
-9545
-11069
-12276
-13138
-13635
-13742
-13460
-12794
-11764
-10408
-8766
-6870
-4776
-2545
-242
2063
4305
6430
8374
10082
11500
12594
13340
13709
13689
13279
12492
11356
9909
8173
6202
4051
1786
-526
-2818
-5033
-7109
-8986
-10608
-11924
-12903
-13525
-13763
-13611
-13073
-12160
-10910
-9361
-7545
-5508
-3315
-1026
1286
3556
5727
7740
9536
11059
12267
13133
13633
13744
13465
12800
11777
10431
8788
6890
4793
2558
253
-2051
-4296
-6424
-8372
-10083
-11507
-12601
-13345
-13714
-13692
-13281
-12491
-11348
-9897
-8167
-6198
-4051
-1787
526
2816
5026
7098
8969
10588
11901
12881
13505
13743
13591
13050
12140
10897
9349
7528
5492
3297
1009
-1302
-3573
-5748
-7762
-9558
-11080
-12287
-13148
-13644
-13752
-13469
-12802
-11769
-10413
-8771
-6873
-4777
-2545
-239
2066
4310
6436
8382
10091
11512
12605
13351
13720
13698
13287
12496
11359
9908
8171
6198
4049
1782
-530
-2821
-5035
-7109
-8983
-10602
-11917
-12895
-13515
-13752
-13599
-13059
-12148
-10896
-9348
-7531
-5496
-3303
-1015
1297
3566
5737
7750
9543
11064
12269
13132
13629
13737
13454
12788
11762
10414
8768
6868
4771
2538
234
-2068
-4311
-6437
-8381
-10090
-11510
-12602
-13343
-13710
-13687
-13276
-12484
-11342
-9889
-8158
-6189
-4042
-1777
535
2825
5035
7106
8978
10594
11909
12888
13511
13749
13595
13053
12142
10897
9347
7525
5487
3290
1002
-1309
-3577
-5749
-7762
-9555
-11076
-12279
-13138
-13632
-13736
-13452
-12784
-11752
-10398
-8757
-6861
-4767
-2535
-231
2071
4312
6435
8379
10086
11504
12597
13340
13708
13685
13272
12480
11341
9891
8154
6181
4031
1766
-546
-2836
-5047
-7118
-8990
-10605
-11918
-12893
-13512
-13748
-13594
-13054
-12141
-10890
-9343
-7527
-5493
-3301
-1013
1298
3568
5740
7752
9546
11070
12277
13142
13642
13751
13470
12803
11778
10430
8785
6884
4788
2553
248
-2106
-4650
-7320
-9974
-12472
-14682
-16511
-17893
-18781
-19153
-19003
-18343
-17195
-15593
-13579
-11233
-8643
-5885
-3029
-145
2697
5430
8000
10350
12426
14188
15595
16618
17244
17456
17224
16528
15365
13743
11681
9214
6397
3324
32
-3415
-6925
-10388
-13684
-16699
-19323
-21486
-23133
-24230
-24756
-24708
-24094
-22939
-21275
-19144
-16601
-13741
-10657
-7429
-4134
-840
2382
5469
8359
10996
13329
15316
16921
18123
18901
19248
19142
18558
17485
15925
13898
11434
8593
5445
2050
-1548
-5267
-8996
-12611
-15983
-18986
-21520
-23519
-24938
-25746
-25935
-25511
-24497
-22925
-20837
-18290
-15381
-12216
-8883
-5464
-2035
1332
4567
7606
10392
12866
14987
16715
18024
18896
19317
19262
18696
17607
15992
13878
11338
8443
5264
1845
-1771
-5508
-9252
-12879
-16266
-19289
-21841
-23862
-25289
-26083
-26229
-25730
-24609
-22900
-20650
-17947
-14904
-11616
-8166
-4636
-1101
2359
5671
8772
11598
14089
16202
17894
19139
19921
20208
19958
19141
17750
15814
13415
10626
7522
4162
575
-3180
-7013
-10810
-14445
-17800
-20760
-23225
-25108
-26340
-26871
-26669
-25728
-24060
-21695
-18681
-15085
-10999
-6529
-1781
3094
7951
12658
17103
21195
24850
28002
30592
32573
32767
32767
32767
32767
32361
30282
27642
24513
20965
17051
12842
8392
3732
-1080
-5965
-10826
-15563
-20069
-24246
-27999
-31240
-32768
-32768
-32768
-32768
-32768
-32768
-32768
-32320
-29130
-25284
-20868
-15987
-10742
-5226
470
6195
11774
17099
22058
26561
30520
32767
32767
32767
32767
32767
32767
32767
32767
32767
32767
29866
26165
22116
17775
13201
8437
3513
-1529
-6621
-11675
-16598
-21292
-25664
-29626
-32768
-32768
-32768
-32768
-32768
-32768
-32768
-32768
-32768
-32768
-29715
-25396
-20594
-15424
-9973
-4313
1485
7274
12875
18189
23117
27573
31482
32767
32767
32767
32767
32767
32767
32767
32767
32767
32767
31377
27829
23942
19779
15390
10819
6093
1231
-3721
-8694
-13605
-18365
-22887
-27082
-30868
-32768
-32768
-32768
-32768
-32768
-32768
-32768
-32768
-32768
-32768
-29921
-25621
-20892
-15834
-10522
-5014
632
6312
11825
17077
21982
26459
30435
32767
32767
32767
32767
32767
32767
32767
32767
32767
32767
32767
30759
27233
23407
19330
15051
10601
6002
1268
-3558
-8419
-13237
-17934
-22427
-26633
-30476
-32768
-32768
-32768
-32768
-32768
-32768
-32768
-32768
-32768
-32768
-32768
-29446
-25093
-20364
-15342
-10089
-4652
918
6511
11938
17117
21980
26455
30475
32767
32767
32767
32767
32767
32767
32767
32767
32767
32767
32767
32767
31369
27870
24092
20081
15874
11502
6982
2323
-2442
-7263
-12073
-16802
-21374
-25715
-29753
-32768
-32768
-32768
-32768
-32768
-32768
-32768
-32768
-32768
-32768
-32768
-32768
-32202
-28037
-23477
-18606
-13488
-8170
-2692
2890
8405
13735
18817
23596
28010
31998
32767
32767
32767
32767
32767
32767
32767
32767
32767
32767
32767
32767
32767
32700
29206
25455
21483
17321
12998
8527
3914
-819
-5629
-10461
-15252
-19936
-24446
-28717
-32687
-32768
-32768
-32768
-32768
-32768
-32768
-32768
-32768
-32768
-32768
-32768
-32768
-32768
-32768
-28856
-24243
-19346
-14218
-8898
-3422
2152
7661
13003
18121
22977
27520
31702
32767
32767
32767
32767
32767
32767
32767
32767
32767
32767
32767
32767
32767
32767
32767
32767
29937
26162
22187
18038
13737
9292
4705
-6
-4805
-9642
-14462
-19206
-23816
-28237
-32411
-32768
-32768
-32768
-32768
-32768
-32768
-32768
-32768
-32768
-32768
-32768
-32768
-32768
-32768
-32768
-32768
-30223
-25606
-20727
-15627
-10340
-4901
638
6123
11466
16621
21548
26217
30585
32767
32767
32767
32767
32767
32767
32767
32767
32767
32767
32767
32767
32767
32767
32767
32767
32767
32767
32284
28595
24719
20679
16489
12156
7678
3065
-1654
-6442
-11252
-16040
-20755
-25348
-29769
-32768
-32768
-32768
-32768
-32768
-32768
-32768
-32768
-32768
-32768
-32768
-32768
-32768
-32768
-32768
-32768
-32768
-32768
-32768
-30274
-25618
-20731
-15648
-10396
-5005
450
5834
11083
16158
21034
25682
30079
32767
32767
32767
32767
32767
32767
32767
32767
32767
32767
32767
32767
32767
32767
32767
32767
32767
32767
32767
32767
32767
31440
27710
23820
19784
15613
11304
6856
2285
-2378
-7102
-11847
-16572
-21237
-25803
-30227
-32768
-32768
-32768
-32768
-32768
-32768
-32768
-32768
-32768
-32768
-32768
-32768
-32768
-32768
-32768
-32768
-32768
-32768
-32768
-32768
-32768
-32768
-28276
-23548
-18629
-13544
-8320
-3002
2280
7461
12505
17390
22092
26590
30873
32767
32767
32767
32767
32767
32767
32767
32767
32767
32767
32767
32767
32767
32767
32767
32767
32767
32767
32767
32767
32767
32767
32767
32767
31123
27418
23575
19604
15508
11276
6916
2444
-2112
-6725
-11364
-15997
-20594
-25123
-29547
-32768
-32768
-32768
-32768
-32768
-32768
-32768
-32768
-32768
-32768
-32768
-32768
-32768
-32768
-32768
-32768
-32768
-32768
-32768
-32768
-32768
-32768
-32768
-32768
-32768
-29517
-24918
-20147
-15224
-10172
-5018
209
5483
10771
16044
21271
26423
31392
32767
32767
32767
32767
32767
32767
32767
32767
32767
32767
32767
32767
32767
32767
32767
32767
32767
32767
32767
32767
32767
32767
32767
32767
32767
32767
32767
32767
31004
27272
23416
19437
15339
11122
6795
2374
-2123
-6675
-11255
-15838
-20397
-24907
-29344
-32768
-9500
-7684
-5659
-3485
-1207
1105
3387
5570
7592
9397
10937
12166
13045
13549
13666
13403
12761
11753
10409
8765
6869
4783
2568
273
-2034
-4286
-6420
-8371
-10087
-11523
-12636
-13392
-13767
-13753
-13360
-12595
-11473
-10025
-8293
-6329
-4199
-1951
354
2649
4869
6947
8829
10459
11794
12792
13421
13665
13523
13005
12113
10875
9324
7505
5473
3292
1015
-1296
-3574
-5751
-7767
-9563
-11093
-12315
-13190
-13690
-13802
-13532
-12889
-11883
-10539
-8898
-7005
-4923
-2708
-410
1898
4151
6285
8237
9957
11396
12511
13266
13639
13625
13231
12462
11335
9885
8150
6182
4047
1796
-510
-2808
-5027
-7104
-8981
-10605
-11936
-12932
-13563
-13808
-13664
-13146
-12258
-11023
-9475
-7661
-5636
-3461
-1188
1122
3399
5578
7595
9396
10932
12156
13034
13535
13651
13385
12740
11730
10382
8739
6842
4756
2539
242
-2065
-4318
-6447
-8394
-10106
-11536
-12644
-13394
-13763
-13744
-13347
-12579
-11453
-10004
-8269
-6307
-4178
-1930
375
2672
4890
6968
8846
10474
11807
12801
13428
13668
13525
13004
12110
10869
9315
7493
5460
3280
1003
-1308
-3586
-5765
-7780
-9576
-11104
-12324
-13197
-13695
-13805
-13531
-12885
-11874
-10527
-8882
-6984
-4901
-2686
-391
1914
4166
6295
8246
9962
11396
12506
13257
13625
13607
13212
12439
11311
9859
8122
6153
4014
1761
-547
-2844
-5061
-7137
-9010
-10632
-11958
-12949
-13571
-13808
-13658
-13132
-12238
-10997
-9445
-7625
-5597
-3422
-1144
1165
3441
5616
7630
9429
10961
12184
13058
13556
13666
13395
12747
11731
10381
8732
6833
4744
2524
226
-2084
-4337
-6467
-8415
-10126
-11557
-12664
-13415
-13784
-13763
-13364
-12593
-11465
-10011
-8275
-6309
-4177
-1929
379
2675
4895
6972
8848
10475
11805
12799
13424
13664
13520
12999
12106
10864
9312
7491
5459
3280
1002
-1308
-3587
-5765
-7781
-9577
-11105
-12324
-13195
-13693
-13800
-13524
-12876
-11862
-10513
-8864
-6966
-4882
-2666
-371
1934
4183
6313
8259
9973
11405
12511
13259
13626
13607
13210
12436
11306
9851
8113
6141
4003
1751
-558
-2854
-5074
-7149
-9025
-10646
-11973
-12963
-13585
-13821
-13670
-13145
-12249
-11007
-9453
-7631
-5600
-3421
-1143
1168
3446
5622
7638
9435
10967
12188
13060
13555
13662
13390
12740
11726
10376
8728
6828
4739
2521
223
-2084
-4335
-6464
-8410
-10120
-11549
-12657
-13405
-13773
-13751
-13349
-12576
-11446
-9993
-8255
-6287
-4155
-1904
401
2697
4913
6987
8861
10484
11812
12802
13424
13661
13512
12988
12090
10848
9295
7475
5443
3264
988
-1323
-3600
-5777
-7791
-9585
-11112
-12329
-13201
-13696
-13803
-13527
-12877
-11863
-10511
-8864
-6966
-4882
-2666
-368
1938
4190
6318
8265
9978
11408
12514
13260
13624
13603
13205
12431
11298
9843
8103
6134
3998
1748
-557
-2853
-5069
-7143
-9014
-10633
-11957
-12945
-13567
-13802
-13651
-13125
-12230
-10988
-9433
-7611
-5580
-3404
-1129
1180
3455
5632
7645
9441
10970
12187
13057
13549
13655
13380
12729
11712
10360
8712
6811
4723
2506
212
-2092
-4342
-6469
-8416
-10126
-11555
-12661
-13410
-13777
-13755
-13357
-12585
-11457
-10005
-8268
-6300
-4165
-1913
395
2691
4909
6986
8862
10490
11819
12812
13435
13673
13551
13159
12404
11198
9518
7422
5009
2363
-424
-3268
-6086
-8800
-11340
-13644
-15653
-17321
-18608
-19490
-19949
-19976
-19576
-18771
-17582
-16035
-14172
-12038
-9682
-7159
-4532
-1844
881
3605
6278
8844
11234
13374
15183
16604
17540
17908
17656
16761
15233
13124
10545
7614
4431
1094
-2307
-5685
-8959
-12052
-14897
-17432
-19604
-21371
-22701
-23578
-23988
-23934
-23420
-22468
-21108
-19372
-17308
-14965
-12399
-9665
-6822
-3927
-1009
1906
4783
7572
10211
12630
14735
16458
17739
18468
18562
17973
16690
14744
12225
9271
6005
2536
-1032
-4604
-8086
-11398
-14459
-17207
-19582
-21539
-23043
-24072
-24614
-24667
-24240
-23352
-22034
-20316
-18249
-15884
-13276
-10484
-7568
-4590
-1573
1460
4471
7404
10179
12675
14804
16527
17798
18510
18583
17968
16655
14671
12091
9071
5733
2185
-1462
-5115
-8672
-12048
-15159
-17937
-20320
-22264
-23737
-24716
-25188
-25149
-24609
-23597
-22139
-20273
-18049
-15517
-12738
-9772
-6690
-3522
-286
2972
6200
9281
12084
14518
16542
18139
19225
19711
19533
18664
17106
14889
12068
8717
4929
807
-3532
-7968
-12375
-16630
-20614
-24213
-27323
-29864
-31808
-32768
-32768
-32768
-32768
-31484
-29416
-26800
-23685
-20126
-16184
-11931
-7444
-2804
1907
6596
11113
15333
19173
22573
25484
27894
29790
31101
31763
31734
30991
29532
27374
24553
21119
17136
12682
7848
2731
-2563
-7928
-13254
-18430
-23344
-27878
-31921
-32768
-32768
-32768
-32768
-32768
-32768
-32768
-32768
-32768
-32768
-32313
-28406
-24119
-19549
-14764
-9810
-4753
340
5393
10298
14910
19137
22915
26208
28993
31261
32767
32767
32767
32767
32767
32301
30094
27230
23756
19729
15219
10310
5093
-333
-5869
-11410
-16839
-22029
-26851
-31192
-32768
-32768
-32768
-32768
-32768
-32768
-32768
-32768
-32768
-32768
-32768
-32768
-29565
-25287
-20747
-16036
-11195
-6272
-1318
3604
8429
13032
17295
21146
24542
27463
29901
31862
32767
32767
32767
32767
32767
31523
29187
26228
22693
18637
14131
9255
4092
-1265
-6722
-12174
-17494
-22553
-27226
-31410
-32768
-32768
-32768
-32768
-32768
-32768
-32768
-32768
-32768
-32768
-32768
-32768
-31354
-27370
-23107
-18652
-14057
-9358
-4595
180
4918
9552
13953
18019
21689
24930
27728
30081
31994
32767
32767
32767
32767
32767
32136
29994
27251
23945
20126
15853
11197
6233
1039
-4294
-9677
-15002
-20150
-25002
-29449
-32768
-32768
-32768
-32768
-32768
-32768
-32768
-32768
-32768
-32768
-32768
-32768
-32768
-32768
-29637
-25559
-21274
-16838
-12276
-7624
-2922
1782
6444
10983
15280
19250
22846
26040
28820
31189
32767
32767
32767
32767
32767
32767
32767
32548
30127
27152
23663
19708
15343
10633
5646
456
-4855
-10208
-15510
-20655
-25540
-30073
-32768
-32768
-32768
-32768
-32768
-32768
-32768
-32768
-32768
-32768
-32768
-32768
-32768
-32768
-32768
-31919
-27910
-23697
-19335
-14842
-10247
-5583
-887
3798
8429
12909
17136
21047
24602
27785
30584
32767
32767
32767
32767
32767
32767
32767
32767
32767
32767
31464
28358
24777
20764
16372
11656
6679
1508
-3786
-9136
-14467
-19692
-24721
-29466
-32768
-32768
-32768
-32768
-32768
-32768
-32768
-32768
-32768
-32768
-32768
-32768
-32768
-32768
-32768
-32768
-32768
-32768
-29026
-24806
-20457
-15992
-11429
-6796
-2123
2557
7208
11761
16112
20191
23959
27392
30480
32767
32767
32767
32767
32767
32767
32767
32767
32767
32767
32767
32767
32767
29533
25840
21755
17324
12597
7629
2479
-2792
-8126
-13458
-18720
-23839
-28740
-32768
-32768
-32768
-32768
-32768
-32768
-32768
-32768
-32768
-32768
-32768
-32768
-32768
-32768
-32768
-32768
-32768
-32768
-32768
-32768
-31434
-27277
-23004
-18629
-14158
-9606
-4997
-359
4277
8877
13363
17649
21682
25430
28874
32003
32767
32767
32767
32767
32767
32767
32767
32767
32767
32767
32767
32767
32767
32767
32622
29077
25158
20899
16346
11549
6556
1416
-3821
-9107
-14387
-19605
-24694
-29591
-32768
-32768
-32768
-32768
-32768
-32768
-32768
-32768
-32768
-32768
-32768
-32768
-32768
-32768
-32768
-32768
-32768
-32768
-32768
-32768
-32768
-32768
-32768
-29509
-25364
-21123
-16786
-12363
-7872
-3334
1224
5778
10294
14693
18904
22884
26607
30055
32767
32767
32767
32767
32767
32767
32767
32767
32767
32767
32767
32767
32767
32767
32767
32767
32767
32767
29672
25714
21463
16957
12234
7336
2303
-2820
-7996
-13183
-18339
-23412
-28348
-32768
-32768
-32768
-32768
-32768
-32768
-32768
-32768
-32768
-32768
-32768
-32768
-32768
-32768
-32768
-32768
-32768
-32768
-32768
-32768
-32768
-32768
-32768
-32768
-32768
-32768
-31308
-27324
-23246
-19070
-14808
-10473
-6081
-1652
2794
7240
11647
15938
20056
23965
27645
31088
32767
32767
32767
32767
32767
32767
32767
32767
32767
32767
32767
32767
32767
32767
32767
32767
32767
32767
32767
32767
31746
27914
23821
19496
14973
10283
5457
526
-4475
-9515
-14560
-19574
-24519
-29355
-32768
-32768
-32768
-32768
-32768
-32768
-32768
-32768
-32768
-32768
-32768
-32768
-32768
-32768
-32768
-32768
-32768
-32768
-32768
-32768
-32768
-32768
-32768
-32768
-32768
-32768
-32768
-32768
-32768
-30572
-26621
-22570
-18426
-14204
-9917
-5577
-1197
3209
7625
12013
16306
20454
24430
28218
31807
32767
32767
32767
32767
32767
32767
32767
32767
32767
32767
32767
32767
32767
32767
32767
32767
32767
32767
32767
8188
8190
8189
8189
8188
8188
8187
8190
8192
8191
8191
8190
8190
8189
8192
8194
8193
8193
8192
8191
8191
8193
8196
8195
8191
8191
8190
8192
8192
8194
8194
8193
8189
8189
8191
8194
8193
8192
8192
8191
8191
8190
8192
8192
8191
8190
8190
8192
8192
8194
8193
8193
8192
8192
8194
8193
8196
8195
8194
8194
8193
8192
8195
8194
8193
8193
8192
8192
8191
8195
8194
8190
8190
8189
8189
8191
8190
8190
8189
8189
8188
8191
8193
8192
8192
8191
8191
8190
8192
8195
8191
8190
8190
8189
8192
8194
8196
8196
8192
8191
8191
8193
8195
8195
8194
8190
8190
8192
8195
8194
8193
8193
8189
8192
8191
8193
8193
8192
8191
8191
8190
8193
8192
8191
8191
8190
8190
8192
8191
8194
8193
8192
8192
8191
8194
8193
8195
8195
8194
8193
8193
8195
8194
8194
8193
8192
8189
8191
8191
8194
8194
8190
8189
8189
8188
8191
8193
8190
8189
8188
8188
8190
8193
8192
8191
8188
8190
8190
8192
8195
8191
8190
8190
8189
8192
8194
8196
8196
8192
8191
8191
8193
8195
8195
8194
8190
8190
8192
8195
8194
8193
8193
8189
8191
8191
8193
8193
8192
8191
8191
8190
8193
8192
8194
8191
8190
8189
8192
8191
8194
8193
8192
8192
8191
8193
8196
8195
8194
8194
8193
8192
8195
8194
8194
8193
8192
8192
8191
8190
8194
8193
8190
8189
8189
8191
8191
8193
8192
8189
8188
8188
8190
8192
8192
8191
8188
8190
8190
8192
8194
8191
8190
8189
8189
8191
8194
8196
8195
8192
8191
8190
8193
8195
8195
8194
8190
8190
8192
8194
8194
8193
8192
8189
8191
8191
8193
8192
8192
8191
8191
8190
8192
8192
8191
8191
8190
8189
8192
8194
8194
8193
8192
8192
8191
8193
8193
8195
8194
8194
8193
8192
8195
8194
8194
8193
8192
8192
8191
8193
8194
8193
8190
8189
8189
8191
8190
8193
8192
8189
8188
8191
8190
8192
8192
8191
8191
8190
8192
8192
8194
8193
8190
8189
8192
8191
8196
8196
8195
8194
8191
8193
8192
8195
8197
8193
8193
8192
8192
8194
8196
8196
8192
8191
8191
8193
8192
8195
8194
8193
8190
8192
8192
8194
8193
8193
8192
8191
8191
8193
8196
8195
8194
8194
8193
8195
8195
8197
8196
8196
8195
8194
8197
8196
8195
8194
8194
8193
8193
8192
8196
8195
8191
8191
8190
8192
8192
8194
8194
8190
8189
8192
8191
8194
8193
8192
8192
8191
8193
8193
8195
8194
8194
8190
8193
8192
8197
8197
8196
8195
8192
8194
8196
8196
8198
8194
8194
8193
8192
8195
8197
8196
8193
8192
8191
8194
8193
8195
8195
8194
8190
8193
8192
8195
8194
8193
8193
8192
8191
8194
8196
8195
8195
8194
8194
8193
8195
8198
8197
8196
8192
8195
8194
8196
8196
8195
8191
8191
8190
8193
8193
8193
8192
8188
8191
8190
8193
8192
8191
8191
8190
8190
8192
8191
8194
8193
8189
8189
8191
8194
8193
8192
8192
8191
8191
8193
8195
8198
8197
8193
8193
8192
8194
8194
8190
8187
8183
8183
8188
8194
8196
8195
8189
8182
8182
8181
8184
8186
8183
8179
8179
8179
8181
8184
8180
8177
8174
8173
8173
8176
8179
8175
8172
8169
8166
8165
8165
8162
8159
8159
8156
8159
8159
8156
8153
8148
8142
8142
8142
8146
8144
8142
8136
8133
8131
8128
8126
8124
8118
8116
8114
8115
8119
8116
8111
8106
8104
8102
8103
8101
8102
8097
8093
8088
8086
8085
8080
8078
8074
8073
8071
8073
8071
8067
8060
8053
8049
8045
8047
8049
8048
8044
8040
8034
8030
8026
8023
8019
8016
8013
8013
8012
8012
8009
8003
7997
7994
7994
7991
7991
7988
7985
7983
7977
7975
7969
7964
7958
7956
7954
7958
7956
7953
7948
7940
7935
7931
7929
7927
7929
7927
7925
7921
7917
7913
7909
7901
7897
7893
7892
7894
7893
7892
7888
7884
7880
7880
7876
7875
7874
7874
7870
7870
7866
7860
7853
7850
7847
7847
7847
7849
7849
7849
7840
7834
7828
7825
7822
7823
7820
7817
7812
7806
7801
7799
7797
7791
7786
7781
7776
7778
7779
7777
7775
7770
7763
7761
7757
7755
7754
7749
7742
7738
7734
7733
7729
7728
7724
7720
7716
7716
7715
7711
7708
7704
7698
7695
7691
7688
7685
7682
7676
7673
7667
7664
7662
7656
7650
7645
7641
7636
7633
7628
7626
7621
7616
7618
7616
7617
7612
7604
7597
7592
7588
7587
7583
7578
7571
7564
7560
7560
7556
7552
7549
7542
7539
7535
7535
7535
7529
7522
7513
7505
7502
7499
7500
7494
7488
7480
7475
7470
7465
7463
7458
7450
7439
7435
7430
7426
7425
7418
7414
7410
7406
7405
7401
7394
7385
7375
7369
7366
7363
7357
7351
7342
7333
7328
7325
7320
7318
7310
7304
7297
7295
7290
7288
7281
7270
7260
7253
7249
7242
7238
7231
7222
7215
7209
7203
7197
7191
7182
7172
7163
7158
7150
7145
7140
7132
7127
7123
7118
7117
7112
7105
7098
7088
7078
7071
7065
7058
7052
7043
7037
7028
7022
7013
7008
7000
6994
6986
6981
6976
6972
6967
6959
6949
6939
6931
6922
6915
6908
6902
6895
6886
6877
6871
6862
6854
6848
6840
6832
6820
6813
6805
6794
6787
6780
6776
6769
6765
6758
6751
6745
6738
6732
6723
6714
6705
6696
6691
6685
6677
6669
6658
6650
6642
6635
6627
6620
6613
6606
6599
6592
6586
6579
6573
6564
6555
6546
6537
6529
6520
6512
6507
6499
6488
6481
6473
6463
6456
6449
6439
6429
6424
6414
6405
6396
6387
6378
6373
6367
6362
6357
6352
6344
6339
6331
6323
6316
6305
6298
6291
6284
6277
6271
6261
6252
6245
6236
6230
6222
6216
6207
6202
6197
6189
6184
6176
6168
6160
6153
6146
6135
6128
6118
6112
6105
6099
6089
6083
6074
6065
6057
6048
6040
6035
6026
6019
6008
6000
5993
5982
5975
5965
5958
5952
5948
5941
5935
5929
5923
5917
5911
5905
5896
5885
5879
5874
5869
5864
5856
5845
5838
5827
5823
5816
5809
5802
5795
5786
5782
5776
5769
5763
5754
5745
5740
5734
5729
5723
5712
5701
5693
5685
5681
5673
5669
5659
5649
5642
5635
5628
5622
5612
5603
5594
5585
5580
5574
5566
5556
5547
5536
5532
5524
5519
5512
5505
5500
5496
5492
5488
5481
5475
5462
5453
5446
5443
5440
5437
5428
5420
5411
5406
5400
5395
5387
5376
5368
5363
5359
5354
5350
5343
5333
5323
5319
5312
5309
5302
5296
5286
5277
5271
5263
5257
5248
5240
5235
5227
5222
5214
5206
5196
5188
5181
5174
5167
5160
5153
5144
5137
5131
5122
5116
5107
5098
5090
5084
5076
5071
5066
5058
5053
5048
5044
5039
5032
5024
5014
5007
5000
4996
4996
4989
4983
4976
4967
4961
4955
4952
4943
4937
4929
4923
4918
4913
4908
4900
4892
4884
4880
4872
4868
4861
4854
4847
4843
4836
4829
4820
4810
4804
4795
4789
4784
4778
4769
4761
4753
4748
4740
4735
4727
4719
4712
4705
4697
4690
4683
4677
4667
4660
4651
4645
4639
4633
4624
4617
4608
4603
4597
4592
4587
4582
4577
4573
4568
4560
4553
4545
4538
4534
4530
4526
4522
4515
4509
4502
4499
4496
4489
4483
4477
4468
4465
4460
4454
4449
4440
4435
4427
4425
4420
4415
4407
4400
4392
4385
4381
4377
4370
4363
4353
4343
4337
4331
4328
4321
4315
4307
4298
4289
4284
4279
4270
4265
4257
4250
4242
4237
4230
4223
4216
4209
4202
4195
4188
4182
4175
4166
4160
4151
4145
4140
4131
4126
4117
4112
4104
4096
4088
4081
4073
4066
4062
4054
4050
4047
4046
4042
4038
4028
4016
4007
4000
3997
3998
3998
3992
3983
3971
3966
3963
3958
3956
3948
3940
3932
3927
3926
3921
3916
3906
3899
3892
3888
3887
3883
3876
3867
3860
3854
3851
3844
3838
3829
3821
3815
3810
3807
11188
11008
10036
9471
8426
7053
5437
3409
1353
158
-1899
-3428
-5461
-7450
-8569
-9374
-10043
-10800
-10736
-11127
-10245
-9456
-8827
-7511
-6201
-4540
-2453
-478
905
2710
4412
6230
7770
9135
9850
10617
10949
11312
10954
10482
9669
8796
7464
5970
4236
1990
621
-1296
-3198
-5127
-6405
-8062
-9157
-9980
-10594
-11094
-10869
-10801
-9781
-9067
-7986
-6388
-5184
-3196
-1079
560
2224
4080
5557
7360
8801
9652
10486
10978
11269
11376
10566
9774
9213
7887
6660
4797
2730
935
-486
-2571
-4244
-6090
-7612
-8975
-9644
-10385
-10936
-11106
-10846
-10273
-9117
-8431
-7068
-5517
-4027
-1643
116
1398
3336
5180
6634
8360
9458
9929
10800
11129
11308
10984
10033
9548
8369
6992
5594
3343
1564
108
-1870
-3873
-5343
-7156
-8569
-9371
-10373
-10632
-11045
-10866
-10432
-9598
-8845
-7567
-6052
-4409
-2677
-317
903
2785
4592
6144
7653
9301
9946
10614
11117
11074
11241
10318
9599
8871
7456
6051
4207
1835
664
-1273
-3169
-4785
-6494
-8277
-9178
-10004
-10736
-10880
-11153
-10660
-9765
-9021
-7937
-6607
-5107
-3252
-1049
673
2086
4036
5737
7203
8726
9702
10296
10908
11339
11071
10756
9677
9123
7956
6491
4875
2584
1012
-513
-2547
-4382
-5862
-7676
-9005
-9569
-10506
-10889
-10897
-11033
-10037
-9240
-8497
-6931
-5611
-3881
-1814
146
1461
3386
5042
6750
8203
9453
10076
10704
11157
11283
10821
10110
9448
8240
6967
5435
3462
1234
91
-1970
-3684
-5460
-7041
-8658
-9377
-10181
-10756
-11017
-10987
-10528
-9362
-8902
-7537
-6038
-4686
-2354
-391
999
2776
4598
6024
7861
9163
9780
10690
10970
11337
11120
10360
9624
8791
7442
6113
4071
2018
568
-1155
-3199
-4895
-6613
-8091
-9151
-10008
-10520
-11003
-10892
-10688
-9834
-9038
-8014
-6523
-4979
-3316
-961
418
2114
4055
5536
7151
8798
9655
10296
11028
11031
11354
10592
9749
9241
7810
6545
4887
2616
1032
-628
-2614
-4225
-6021
-7775
-9047
-9642
-10438
-10700
-11203
-10728
-10138
-9123
-8268
-7028
-5580
-3961
-1666
207
1507
3385
5131
6614
8361
9529
10049
10752
11110
11072
11053
9918
9408
8376
6964
5599
3451
1425
130
-2149
-3754
-5254
-7131
-8618
-9279
-10349
-10776
-11019
-11103
-10289
-9481
-8823
-7518
-6107
-4404
-2590
-288
880
2830
4594
6280
7655
9135
9808
10544
11117
11285
11027
10364
9525
8775
7503
5884
4211
1805
712
-1232
-3080
-4947
-6402
-8225
-9158
-9908
-10645
-10812
-11038
-10850
-9785
-9046
-7864
-6463
-5181
-3087
-1170
630
2131
4040
5531
7341
8753
9699
10462
10766
11225
11211
10663
9751
9142
7886
6511
4777
2750
985
-579
-2550
-4245
-5934
-7542
-9049
-9644
-10292
-10844
-10801
-10872
-10110
-9120
-8504
-7019
-5590
-3997
-1670
164
1464
3427
5043
6657
8389
9457
10003
10916
11129
11379
10843
9967
9429
8280
7041
5499
3390
1464
61
-1920
-3643
-5458
-7089
-8545
-9375
-10256
-10659
-11137
-10729
-10505
-9339
-8735
-7428
-5986
-4576
-2468
-320
907
2852
4639
6141
7814
9188
9828
10710
11023
11125
11285
10313
9671
8795
7343
6097
4114
2000
614
-1204
-3129
-4739
-6516
-8162
-73
601
691
443
9
-121
-14
-41
203
104
152
106
331
503
1919
3444
4908
6358
7945
9041
10496
11190
11995
12657
12969
13049
13114
12185
11802
11525
11199
10403
9207
7847
6135
4328
1160
973
832
786
738
595
391
-125
54
-104
-43
9
-77
-29
54
86
234
526
2305
4243
5876
7736
9289
10775
12132
13019
14316
14940
15491
15984
15541
15477
14529
14175
14014
13289
12234
10499
8646
6348
3860
1276
949
808
761
644
516
0
-213
-110
-176
-142
-88
-203
-109
-51
30
479
2139
4473
6423
8478
10418
12010
13787
15052
16125
17339
17785
18122
17906
17339
16476
16075
15798
14838
13526
11369
8929
6793
3649
1208
1066
808
760
667
490
-182
-412
-236
-191
-207
-125
-148
-51
32
118
1705
4058
6427
8659
10584
12605
14229
16123
17040
17924
19031
19135
19252
18876
17657
17342
16620
16061
14537
12590
9775
7895
5102
1723
1159
994
694
691
667
667
738
690
621
737
783
738
761
692
667
503
479
645
2710
5972
9632
11417
13060
14608
15571
16579
17353
17893
18243
18103
18034
17237
16768
15242
13412
10760
8976
7144
5971
3460
1161
997
902
808
784
761
645
737
691
644
621
667
691
645
714
668
644
526
-317
-881
-1092
-83
832
2851
6957
11604
13927
15241
17048
18127
19606
20145
21224
21129
21716
21108
21155
19912
19302
17309
14914
12333
10455
8273
6698
4493
1865
1183
950
787
786
668
621
667
691
691
691
668
691
714
713
455
-669
-1914
-2993
-3814
-4237
-3345
-1538
410
2239
5995
11673
14371
16106
18078
19274
20989
21763
22795
22912
23592
23194
23243
22375
21578
19890
17637
14961
12639
10502
8461
6301
3766
1279
1000
859
787
693
739
645
621
714
692
714
714
645
573
387
-787
-2476
-3838
-5058
-5998
-5692
-4025
-2360
-59
1630
4867
10076
14369
16176
17795
19344
20823
21974
23030
23638
24108
24133
24182
23431
22939
21649
20171
17520
15103
12661
10596
8600
6348
3883
1304
1070
906
718
670
646
668
692
738
645
621
738
738
574
481
-59
-1726
-3368
-4612
-5645
-6325
-5340
-3767
-1914
151
2029
5243
10615
14322
16035
17561
19110
20612
21645
22772
23147
23968
23991
24134
23852
23243
22377
21134
19654
16792
14540
12311
10408
8414
6301
3883
1466
1140
882
812
740
669
645
738
621
738
691
645
738
645
551
550
175
-1186
-2805
-4002
-4823
-5434
-5503
-4096
-2570
-645
832
3648
7261
13222
14794
16411
17773
19157
20660
21410
22397
23054
23663
24038
23758
23830
23501
22752
21883
20499
18668
15924
13718
11840
10033
8296
6370
3861
1513
1069
905
766
671
670
647
761
760
738
784
715
692
645
667
760
620
434
-246
-1748
-2876
-3908
-4589
-4801
-4683
-3626
-2007
-223
1043
3648
7801
13387
14841
16085
17398
18923
19909
21083
21998
22609
23429
23523
23899
23992
23643
23525
22681
21931
20782
19350
16862
14867
12732
11089
9282
7686
5597
3602
1349
1092
1045
788
834
694
622
622
645
761
667
668
738
738
738
691
599
714
574
315
-716
-2007
-3017
-3837
-4306
-4401
-4260
-3227
-1608
-129
1138
3578
7779
13458
14677
15945
17164
18173
19463
20497
21388
22397
22959
23383
23782
23852
24064
24018
23665
23198
22611
21532
20406
18787
16511
14562
12755
11018
9424
7687
6042
3883
1772
1138
1021
974
835
671
809
622
715
714
575
784
598
715
691
645
668
738
575
714
527
480
-763
-1914
-2781
-3227
-3673
-3955
-3791
-3509
-2476
-904
504
1725
4821
9822
13670
15101
16203
17071
18244
19275
20098
21108
21905
22561
23126
23688
23852
24111
24181
24064
23971
23432
22893
22282
21321
20006
18295
16206
14304
12707
11182
9563
8108
6395
4589
2430
1186
1068
905
834
833
764
623
669
714
761
739
760
761
738
621
621
692
738
739
692
598
691
644
175
-880
-1819
-2524
-3039
-3204
-3298
-3251
-3062
-2241
-996
456
1302
4166
8999
13318
14679
15827
16696
17658
18456
19346
20052
21247
21717
22351
23149
23595
23643
24181
24205
24368
24159
24018
23738
23081
22775
21837
20944
19609
17989
15923
14281
12778
11135
9822
8413
6982
5339
3321
1560
1207
1021
974
787
763
716
740
786
646
621
761
807
760
692
645
598
691
761
785
761
807
784
738
598
574
340
-130
-810
-1515
-2172
-2478
-2594
-2546
-2383
-2312
-1725
-481
340
362
434
620
620
596
527
527
737
713
5058
20358
20522
20992
21789
22469
22799
23221
23479
23736
23619
23853
23806
23549
23291
22893
22541
21790
21063
20242
19327
17497
16017
14515
12897
11559
10362
9305
7921
6770
5151
3764
2029
1091
1159
903
1066
786
926
716
833
601
693
738
739
-28725
-4991
-3003
-857
294
2372
3885
5760
7318
8764
9419
10209
10729
10954
11113
10096
9328
8447
7092
5737
4133
2078
68
-1264
-3003
-4923
-6255
-8108
-9214
-9847
-10502
-10795
-11112
-10750
-10073
-9192
-8198
-6910
-5442
-3794
-1467
-44
1626
3591
4992
6866
8244
9238
10006
10593
11090
10819
10458
9486
8854
7544
6189
4743
2868
745
-790
-2551
-4290
-5917
-7294
-8966
-9666
-10321
-10886
-10931
-11021
-10208
-9440
-8537
-7362
-5917
-4403
-2303
-360
903
3004
4630
6211
7950
8877
9735
10435
10864
11067
10570
9938
9035
8086
6618
5263
3523
1378
-270
-1919
-3681
-5442
-6933
-8401
-9598
-9847
-10705
-10953
-10999
-10682
-9621
-8966
-7724
-6504
-4923
-3026
-925
452
2123
4111
5579
7431
8764
9328
10345
10751
10977
10819
10096
9419
8402
7183
5624
4201
2101
45
-1106
-3229
-4720
-6504
-7837
-9305
-9892
-10389
-10976
-10908
-10750
-10027
-9147
-8266
-6820
-5510
-3658
-1445
-44
1762
3388
5263
6708
8470
9148
10006
10729
10819
10954
10367
9554
8831
7521
6256
4675
2891
565
-812
-2506
-4494
-5759
-7520
-8808
-9779
-10253
-10795
-11112
-10841
-10321
-9372
-8582
-7340
-5939
-4403
-2258
-428
994
2959
4517
6392
7815
9035
9622
10435
10932
10909
10729
9757
9148
7996
6618
5217
3546
1400
-406
-1806
-3771
-5442
-6820
-8559
-9440
-10027
-10615
-10886
-11021
-10479
-9734
-8808
-7769
-6391
-4968
-2980
-767
316
2417
4066
5714
7476
8718
9509
10187
10774
10977
10751
10232
9260
8515
7002
5737
4111
2055
68
-1377
-3071
-4945
-6391
-7972
-9395
-9824
-10615
-10841
-10976
-10818
-9960
-9192
-8130
-6956
-5397
-3748
-1580
0
1513
3614
5037
6844
8357
9102
10028
10570
11022
10909
10322
9622
8741
7634
6098
4743
2756
610
-654
-2664
-4155
-6075
-7362
-8966
-9689
-10140
-10908
-10863
-10976
-10276
-9372
-8604
-7294
-6007
-4358
-2235
-406
1016
2823
4698
6098
8041
8944
9690
10525
10751
11045
10593
9893
9080
7950
6640
5195
3546
1220
-428
-1964
-3861
-5239
-7046
-8379
-9666
-10050
-10637
-11021
-10908
-10660
-9598
-8898
-7746
-6391
-4968
-3048
-880
474
2304
3998
5714
7183
8786
9306
10412
10774
10842
10864
10051
9351
8402
7115
5692
4156
2168
23
-1151
-3184
-4923
-6391
-8017
-9169
-9869
-10434
-10931
-11044
-10705
-10073
-9056
-8243
-6820
-5510
-3726
-1467
-135
1694
3388
5195
6821
8312
9170
9848
10616
10887
10887
10503
9441
8877
7454
6189
4608
2823
655
-857
-2438
-4426
-5849
-7520
-8898
-9666
-10298
-10705
-10976
-10931
-10231
-9440
-8537
-7385
-5849
-4426
-2235
-338
881
2959
4427
6279
7860
8944
9757
10367
10842
10864
10548
9848
9035
8063
6573
5263
3456
1333
-338
-1987
-3635
-5488
-6775
-8492
-9576
-9960
-10773
-10863
-10999
-10524
-9643
-8876
-7746
-6504
-4923
-3026
-835
429
2236
4156
5556
7431
8605
9328
10254
10616
11022
10729
10119
9306
8402
7092
5669
4111
2033
45
-1309
-3297
-4833
-6572
-7882
-9372
-9779
-10457
-10999
-10999
-10818
-9914
-9147
-8198
-6820
-5420
-3726
-1580
0
1604
3478
5240
6731
8493
9057
9961
10570
10796
10977
10322
497
-225
-338
-677
-2167
-4313
-5759
-7046
-7995
-8717
-9282
-9869
-10118
-10502
-10908
-11518
-11902
-12038
-12263
-11857
-11270
-10344
-9553
-8243
-6865
-5420
-3771
-1716
-722
-609
-541
-473
-451
-428
-383
-360
-338
-338
-338
-315
-338
-383
-812
-2619
-4607
-6255
-7701
-8740
-9756
-10344
-11179
-11563
-11992
-12309
-13031
-13912
-14161
-14612
-14522
-14341
-13845
-12783
-12015
-10479
-9011
-7204
-5329
-3364
-1219
-654
-586
-518
-473
-428
-406
-338
-338
-383
-338
-338
-338
-338
-609
-1829
-4245
-6414
-8108
-9621
-10637
-11789
-12376
-13280
-13596
-14116
-14884
-15810
-16374
-16645
-16849
-16352
-15922
-14793
-13777
-12151
-10344
-8356
-6075
-3771
-1241
-699
-586
-518
-451
-383
-360
-360
-315
-315
-360
-338
-360
-338
-677
-2280
-5736
-7837
-9666
-11292
-12173
-13370
-13890
-14725
-14929
-15764
-16826
-17458
-18000
-18000
-17933
-17233
-16216
-14996
-13393
-11496
-9463
-7069
-4697
-1648
-699
-564
-451
-406
-383
-338
-383
-383
-360
-360
-383
-247
-338
-360
-338
-338
-360
-315
-360
-383
-338
-338
-315
-338
-338
-360
-315
-315
-338
-383
-360
-360
-406
-383
-406
-428
-428
-473
-451
-428
-406
-383
-383
-360
-360
-360
-383
-360
-360
-315
-315
-338
-338
-360
-338
-315
-360
-338
-338
-315
-338
-338
-315
-338
-315
-338
-360
-315
-338
-338
-338
-338
-315
-360
-383
-406
-406
-428
-451
-451
-451
-473
-496
-496
-451
-451
-406
-406
-360
-383
-360
-360
-338
-383
-338
-315
-360
-315
-293
-315
-315
-315
-338
-338
-338
-338
-315
-338
-338
-360
-360
-315
-360
-338
-315
-338
-315
-338
-315
-360
-360
-406
-451
-496
-496
-518
-496
-496
-518
-541
-541
-518
-473
-451
-428
-383
-360
-360
-338
-360
-315
-338
-338
-293
-247
-247
-270
-293
-315
-315
-315
-338
-315
-338
-338
-315
-360
-315
-338
-315
-338
-315
-338
-315
-315
-338
-338
-338
-383
-451
-496
-518
-541
-541
-518
-496
-518
-564
-564
-518
-473
-473
-451
-406
-406
-360
-338
-360
-338
-360
-338
-338
-270
-247
-247
-247
-270
-293
-315
-315
-338
-315
-315
-338
-338
-338
-315
-338
-338
-315
-315
-315
-293
-315
-315
-338
-338
-338
-383
-451
-496
-518
-518
-518
-518
-518
-518
-518
-541
-541
-496
-496
-473
-406
-383
-406
-360
-338
-315
-360
-315
-338
-338
-315
-270
-247
-247
-270
-293
-315
-338
-315
-338
-338
-315
-338
-315
-315
-338
-315
-338
-315
-315
-315
-315
-293
-315
-315
-315
-338
-360
-383
-428
-451
-518
-496
-518
-496
-518
-496
-496
-541
-541
-496
-473
-473
-428
-428
-406
-406
-360
-338
-338
-338
-338
-360
-315
-315
-270
-270
-225
-247
-270
-270
-338
-360
-338
-360
-315
-315
-315
-338
-360
-338
-315
-315
-315
-338
-315
-315
-338
-338
-315
-315
-315
-338
-338
-383
-406
-428
-451
-473
-496
-496
-473
-496
-473
-518
-518
-496
-518
-451
-451
-428
-406
-383
-383
-383
-383
-338
-338
-338
-338
-338
-315
-315
-293
-293
-247
-270
-270
-293
-293
-315
-338
-338
-315
-338
-338
-338
-338
-293
-338
-338
-338
-315
-338
-338
-293
-293
-315
-315
-315
-338
-315
-315
-338
-360
-383
-428
-428
-451
-473
-496
-473
-496
-496
-518
-496
-496
-496
-496
-473
-473
-428
-428
-406
-383
-383
-360
-383
-360
-360
-315
-315
-360
-338
-293
-315
-293
-293
-247
-247
-315
-293
-315
-338
-293
-360
-315
-315
-338
-315
-315
-338
-293
-338
-315
-338
-315
-338
-315
-315
-315
-315
-338
-315
-315
-338
-315
-315
-360
-338
-383
-406
-428
-428
-451
-496
-473
-451
-473
-496
-473
-496
-496
-473
-496
-473
-473
-428
-428
-428
-406
-406
-360
-360
-360
-383
-360
-360
-338
-338
-293
-293
-293
-293
-270
-270
-293
-270
-270
-293
-338
-338
-315
-360
-338
-338
-315
-315
-315
-338
-315
-315
-315
-338
-338
-315
-315
-315
-338
-293
-315
-315
-315
-293
-315
-293
-338
-315
-315
-360
-360
-383
-428
-428
-428
-428
-473
-451
-496
-473
-473
-473
-473
-451
-496
-473
-518
-451
-451
-428
-406
-428
-406
-428
-360
-383
-383
-360
-360
-360
-338
-338
-338
-338
-315
-315
-338
-293
-293
-270
-293
-293
-293
-315
-293
-315
-338
-360
-360
-315
-315
-315
-338
-338
-338
-338
-360
-360
-338
-315
-315
-315
-338
-338
-338
-338
-360
-338
-315
-338
-315
-315
-315
-315
-338
-315
-360
-338
-360
-338
-315
-360
-360
-315
-406
-428
-406
-428
-451
-428
-428
-428
-473
-451
-473
-473
-451
-451
-428
-428
-406
-406
-383
-383
-360
-383
-383
-338
-338
-338
-360
-338
-338
-338
-383
-338
-315
-360
-315
-360
-315
-338
-293
-315
-247
-293
-338
-315
12084
13
25
38
50
63
76
88
101
113
126
139
151
164
176
189
202
214
227
239
252
265
277
290
302
315
328
340
353
365
378
391
403
416
429
441
454
466
479
492
504
517
529
542
555
567
580
592
605
618
630
643
655
668
681
693
706
718
731
744
756
769
781
794
807
819
832
844
857
870
882
895
907
920
933
945
958
970
983
996
1008
1021
1033
1046
1059
1071
1084
1096
1109
1122
1134
1147
1159
1172
1185
1197
1210
1222
1235
1248
1260
1273
1286
1298
1311
1323
1336
1349
1361
1374
1386
1399
1412
1424
1437
1449
1462
1475
1487
1500
1512
1525
1538
1550
1563
1575
1588
1601
1613
1626
1638
1651
1664
1676
1689
1701
1714
1727
1739
1752
1764
1777
1790
1802
1815
1827
1840
1853
1865
1878
1890
1903
1916
1928
1941
1953
1966
1979
1991
2004
2016
2029
2042
2054
2067
2080
2092
2105
2117
2130
2143
2155
2168
2180
2193
2206
2218
2231
2243
2256
2269
2281
2294
2306
2319
2332
2344
2357
2369
2382
2395
2407
2420
2432
2445
2458
2470
2483
2495
2508
2521
2533
2546
2558
2571
2584
2596
2609
2621
2634
2647
2659
2672
2684
2697
2710
2722
2735
2747
2760
2773
2785
2798
2810
2823
2836
2848
2861
2874
2886
2899
2911
2924
2937
2949
2962
2974
2987
3000
3012
3025
3037
3050
3063
3075
3088
3100
3113
3126
3138
3151
3163
3176
3189
3201
3214
3226
3239
3252
3264
3277
3289
3302
3315
3327
3340
3352
3365
3378
3390
3403
3415
3428
3441
3453
3466
3478
3491
3504
3516
3529
3541
3554
3567
3579
3592
3604
3617
3630
3642
3655
3667
3680
3693
3705
3718
3731
3743
3756
3768
3781
3794
3806
3819
3831
3844
3857
3869
3882
3894
3907
3920
3932
3945
3957
3970
3983
3995
4008
4020
4033
4046
4058
4071
4083
4096
4109
4121
4134
4146
4159
4172
4184
4197
4209
4222
4235
4247
4260
4272
4285
4298
4310
4323
4335
4348
4361
4373
4386
4398
4411
4424
4436
4449
4461
4474
4487
4499
4512
4525
4537
4550
4562
4575
4588
4600
4613
4625
4638
4651
4663
4676
4688
4701
4714
4726
4739
4751
4764
4777
4789
4802
4814
4827
4840
4852
4865
4877
4890
4903
4915
4928
4940
4953
4966
4978
4991
5003
5016
5029
5041
5054
5066
5079
5092
5104
5117
5129
5142
5155
5167
5180
5192
5205
5218
5230
5243
5255
5268
5281
5293
5306
5318
5331
5344
5356
5369
5382
5394
5407
5419
5432
5445
5457
5470
5482
5495
5508
5520
5533
5545
5558
5571
5583
5596
5608
5621
5634
5646
5659
5671
5684
5697
5709
5722
5734
5747
5760
5772
5785
5797
5810
5823
5835
5848
5860
5873
5886
5898
5911
5923
5936
5949
5961
5974
5986
5999
6012
6024
6037
6049
6062
6075
6087
6100
6112
6125
6138
6150
6163
6176
6188
6201
6213
6226
6239
6251
6264
6276
6289
6302
6314
6327
6339
6352
6365
6377
6390
6402
6415
6428
6440
6453
6465
6478
6491
6503
6516
6528
6541
6554
6566
6579
6591
6604
6617
6629
6642
6654
6667
6680
6692
6705
6717
6730
6743
6755
6768
6780
6793
6806
6818
6831
6843
6856
6869
6881
6894
6906
6919
6932
6944
6957
6970
6982
6995
7007
7020
7033
7045
7058
7070
7083
7096
7108
7121
7133
7146
7159
7171
7184
7196
7209
7222
7234
7247
7259
7272
7285
7297
7310
7322
7335
7348
7360
7373
7385
7398
7411
7423
7436
7448
7461
7474
7486
7499
7511
7524
7537
7549
7562
7574
7587
7600
7612
7625
7637
7650
7663
7675
7688
7700
7713
7726
7738
7751
7763
7776
7789
7801
7814
7827
7839
7852
7864
7877
7890
7902
7915
7927
7940
7953
7965
7978
7990
8003
8016
8028
8041
8053
8066
8079
8091
8104
8116
8129
8142
8154
8167
8179
8192
8205
8217
8230
8242
8255
8268
8280
8293
8305
8318
8331
8343
8356
8368
8381
8394
8406
8419
8431
8444
8457
8469
8482
8494
8507
8520
8532
8545
8557
8570
8583
8595
8608
8621
8633
8646
8658
8671
8684
8696
8709
8721
8734
8747
8759
8772
8784
8797
8810
8822
8835
8847
8860
8873
8885
8898
8910
8923
8936
8948
8961
8973
8986
8999
9011
9024
9036
9049
9062
9074
9087
9099
9112
9125
9137
9150
9162
9175
9188
9200
9213
9225
9238
9251
9263
9276
9288
9301
9314
9326
9339
9351
9364
9377
9389
9402
9414
9427
9440
9452
9465
9478
9490
9503
9515
9528
9541
9553
9566
9578
9591
9604
9616
9629
9641
9654
9667
9679
9692
9704
9717
9730
9742
9755
9767
9780
9793
9805
9818
9830
9843
9856
9868
9881
9893
9906
9919
9931
9944
9956
9969
9982
9994
10007
10019
10032
10045
10057
10070
10082
10095
10108
10120
10133
10145
10158
10171
10183
10196
10208
10221
10234
10246
10259
10272
10284
10297
10309
10322
10335
10347
10360
10372
10385
10398
10410
10423
10435
10448
10461
10473
10486
10498
10511
10524
10536
10549
10561
10574
10587
10599
10612
10624
10637
10650
10662
10675
10687
10700
10713
10725
10738
10750
10763
10776
10788
10801
10813
10826
10839
10851
10864
10876
10889
10902
10914
10927
10939
10952
10965
10977
10990
11002
11015
11028
11040
11053
11066
11078
11091
11103
11116
11129
11141
11154
11166
11179
11192
11204
11217
11229
11242
11255
11267
11280
11292
11305
11318
11330
11343
11355
11368
11381
11393
11406
11418
11431
11444
11456
11469
11481
11494
11507
11519
11532
11544
11557
11570
11582
11595
11607
11620
11633
11645
11658
11670
11683
11696
11708
11721
11733
11746
11759
11771
11784
11796
11809
11822
11834
11847
11859
11872
11885
11897
11910
11923
11935
11948
11960
11973
11986
11998
12011
12023
12036
12049
12061
12074
12086
12099
12112
12124
12137
12149
12162
12175
12187
12200
12212
12225
12238
12250
12263
12275
12288
12301
12313
12326
12338
12351
12364
12376
12389
12401
12414
12427
12439
12452
12464
12477
12490
12502
12515
12527
12540
12553
12565
12578
12590
12603
12616
12628
12641
12653
12666
12679
12691
12704
12717
12729
12742
12754
12767
12780
12792
12805
12817
12830
12843
12855
12868
12880
12893
12906
12918
12931
12943
12956
12969
12981
12994
13006
13019
13032
13044
13057
13069
13082
13095
13107
13120
13132
13145
13158
13170
13183
13195
13208
13221
13233
13246
13258
13271
13284
13296
13309
13321
13334
13347
13359
13372
13384
13397
13410
13422
13435
13447
13460
13473
13485
13498
13510
13523
13536
13548
13561
13574
13586
13599
13611
13624
13637
13649
13662
13674
13687
13700
13712
13725
13737
13750
13763
13775
13788
13800
13813
13826
13838
13851
13863
13876
13889
13901
13914
13926
13939
13952
13964
13977
13989
14002
14015
14027
14040
14052
14065
14078
14090
14103
14115
14128
14141
14153
14166
14178
14191
14204
14216
14229
14241
14254
14267
14279
14292
14304
14317
14330
14342
14355
14368
14380
14393
14405
14418
14431
14443
14456
14468
14481
14494
14506
14519
14531
14544
14557
14569
14582
14594
14607
14620
14632
14645
14657
14670
14683
14695
14708
14720
14733
14746
14758
14771
14783
14796
14809
14821
14834
14846
14859
14872
14884
14897
14909
14922
14935
14947
14960
14972
14985
14998
15010
15023
15035
15048
15061
15073
15086
15098
15111
15124
15136
15149
15162
15174
15187
15199
15212
15225
15237
15250
15262
15275
15288
15300
15313
15325
15338
15351
15363
15376
15388
15401
15414
15426
15439
15451
15464
15477
15489
15502
15514
15527
15540
15552
15565
15577
15590
15603
15615
15628
15640
15653
15666
15678
15691
15703
15716
15729
15741
15754
15766
15779
15792
15804
15817
15829
15842
15855
15867
15880
15892
15905
15918
15930
15943
15955
15968
15981
15993
16006
16019
16031
16044
16056
16069
16082
16094
16107
16119
16132
16145
16157
16170
16182
16195
16208
16220
16233
16245
16258
16271
16283
16296
16308
16321
16334
16346
16359
16371
16384
0
0
0
0
0
0
0
0
0
0
0
0
0
0
0
0
0
0
0
0
0
0
0
0
0
0
0
0
0
0
0
0
0
0
0
0
0
0
0
0
0
0
0
0
0
0
0
0
0
0
0
0
0
0
0
0
0
0
0
0
0
0
0
0
0
0
0
0
0
0
0
0
0
0
0
0
0
0
0
0
0
0
0
0
0
0
0
0
0
0
0
0
0
0
0
0
0
0
0
0
0
0
0
0
0
0
0
0
0
0
0
0
0
0
0
0
0
0
0
0
0
0
0
0
0
0
0
0
0
0
0
0
0
0
0
0
0
0
0
0
0
0
0
0
0
0
0
0
0
0
0
0
0
0
0
0
0
0
0
0
0
0
0
0
0
0
0
0
0
0
0
0
0
0
0
0
0
0
0
0
0
0
0
0
0
0
0
0
0
0
0
0
0
0
0
0
0
0
0
0
0
0
0
0
0
0
0
0
0
0
0
0
0
0
0
0
0
0
0
0
0
0
0
0
0
0
0
0
0
0
0
0
0
0
0
0
0
0
0
0
0
0
0
0
0
0
0
0
0
0
0
0
0
0
0
0
0
0
0
0
0
0
0
0
0
0
0
0
0
0
0
0
0
0
0
0
0
0
0
0
0
0
0
0
0
0
0
0
0
0
0
0
0
0
0
0
0
0
0
0
0
0
0
0
0
0
0
0
0
0
0
0
0
0
0
0
0
0
0
0
0
0
0
0
0
0
0
0
0
0
0
0
0
0
0
0
0
0
0
0
0
0
0
0
0
0
0
0
0
0
0
0
0
0
0
0
0
0
0
0
0
0
0
0
0
0
0
0
0
0
0
0
0
0
0
0
0
0
0
0
0
0
0
0
0
0
0
0
0
0
0
0
0
0
0
0
0
0
0
0
0
0
0
0
0
0
0
0
0
0
0
0
0
0
0
0
0
0
0
0
0
0
0
0
0
0
0
0
0
0
0
0
0
0
0
0
0
0
0
0
0
0
0
0
0
0
0
0
0
0
0
0
0
0
0
0
0
0
0
0
0
0
0
0
0
0
0
0
0
0
0
0
0
0
0
0
0
0
0
0
0
0
0
0
0
0
0
0
0
0
0
0
0
0
0
0
0
0
0
0
-32767
-32767
-32767
-32767
-32767
-32767
-32767
-32767
-32767
-32767
-32767
-32767
-32767
-32767
-32767
-32767
-32767
-32767
-32767
-32767
-32767
-32767
-32767
-32767
-32767
-32767
-32767
-32767
-32767
-32767
-32767
-32767
-32767
-32767
-32767
-32767
-32767
-32767
-32767
-32767
-32767
-32767
-32767
-32767
-32767
-32767
-32767
-32767
-32767
-32767
-32767
-32767
-32767
-32767
-32767
-32767
-32767
-32767
-32767
-32767
-32767
-32767
-32767
-32767
-32767
-32767
-32767
-32767
-32767
-32767
-32767
-32767
-32767
-32767
-32767
-32767
-32767
-32767
-32767
-32767
-32767
-32767
-32767
-32767
-32767
-32767
-32767
-32767
-32767
-32767
-32767
-32767
-32767
-32767
-32767
-32767
-32767
-32767
-32767
-32767
-32767
-32767
-32767
-32767
-32767
-32767
-32767
-32767
-32767
-32767
-32767
-32767
-32767
-32767
-32767
-32767
-32767
-32767
-32767
-32767
-32767
-32767
-32767
-32767
-32767
-32767
-32767
-32767
-32767
-32767
-32767
-32767
-32767
-32767
-32767
-32767
-32767
-32767
-32767
-32767
-32767
-32767
-32767
-32767
-32767
-32767
-32767
-32767
-32767
-32767
-16383
-16383
-16383
-16383
-16383
-16383
-16383
-16383
-16383
-16383
-16383
-16383
-16383
-16383
-16383
-16383
-16383
-16383
-16383
-16383
-16383
-16383
-16383
-16383
-16383
-16383
-16383
-16383
-16383
-16383
-16383
-16383
-16383
-16383
-16383
-16383
-16383
-16383
-16383
-16383
-16383
-16383
-16383
-16383
-16383
-16383
-16383
-16383
-16383
-16383
-16383
-16383
-16383
-16383
-16383
-16383
-16383
-16383
-16383
-16383
-16383
-16383
-16383
-16383
-16383
-16383
-16383
-16383
-16383
-16383
-16383
-16383
-16383
-16383
-16383
-16383
-16383
-16383
-16383
-16383
-16383
-16383
-16383
-16383
-16383
-16383
-16383
-16383
-16383
-16383
-16383
-16383
-16383
-16383
-16383
-16383
-16383
-16383
-16383
-16383
-16383
-16383
-16383
-16383
-16383
-16383
-16383
-16383
-16383
-16383
-16383
-16383
-16383
-16383
-16383
-16383
-16383
-16383
-16383
-16383
-16383
-16383
-16383
-16383
-16383
-16383
-16383
-16383
-16383
-16383
-16383
-16383
-16383
-16383
-16383
-16383
-16383
-16383
-16383
-16383
-16383
-16383
-16383
-16383
-16383
-16383
-16383
-16383
-16383
-16383
-16383
-16383
-16383
-16383
-16383
-16383
-16383
-16383
-16383
-16383
-16383
-16383
-16383
-16383
-16383
-16383
-16383
-16383
-16383
-16383
-16383
-16383
-16383
-16383
-16383
-16383
-16383
-16383
-16383
-16383
-16383
-16383
-16383
-16383
-16383
-16383
-16383
-16383
-16383
-16383
-16383
-16383
-16383
-16383
-16383
-16383
-16383
-16383
-16383
-16383
-16383
-16383
-16383
-16383
-16383
-16383
-16383
-16383
-16383
-16383
-16383
-16383
-16383
-16383
-16383
-16383
-16383
-16383
-16383
-16383
-16383
-16383
-16383
-16383
-16383
-16383
-16383
-16383
-16383
-16383
-16383
-16383
-16383
-16383
-16383
-16383
-16383
-16383
-16383
-16383
-16383
-16383
-16383
-16383
-16383
-16383
-16383
-16383
-16383
-16383
-16383
-16383
-16383
-16383
-16383
-16383
-16383
-16383
-16383
-16383
-16383
-16383
-16383
-16383
-16383
-16383
-16383
-16383
-16383
-16383
-16383
-16383
-16383
-16383
-16383
-16383
-16383
-16383
-16383
-16383
-16383
-16383
-16383
-16383
-16383
-16383
-16383
-16383
-16383
-16383
-16383
-16383
-16383
-16383
-16383
-16383
-16383
-16383
-16383
-16383
-16383
-16383
-16383
-16383
-16383
-16383
-16383
-16383
-16383
-16383
-16383
-16383
-16383
-16383
-16383
-16383
-16383
-16383
-16383
-16383
-16383
-16383
-16383
-16383
-16383
-16383
-16383
-16383
-16383
-16383
-16383
-16383
-16383
-16383
-16383
-16383
-16383
-16383
-16383
-16383
-16383
-16383
-16383
-16383
-16383
-16383
-16383
-16383
-16383
-16383
-16383
-16383
-16383
-16383
-16383
-16383
-16383
-16383
-16383
-16383
-16383
-16383
-16383
-16383
-16383
-16383
-16383
-16383
-16383
-16383
-16383
-16383
-16383
-16383
-16383
-16383
-16383
-16383
-16383
-16383
-16383
-16383
-16383
-16383
-16383
-16383
-16383
-16383
-16383
-16383
-16383
-16383
-16383
-16383
-16383
-16383
-16383
-16383
-16383
-16383
-16383
-16383
-16383
-16383
-16383
-16383
-16383
-16383
-16383
-16383
-16383
-16383
-16383
-16383
-16383
-16383
-16383
-16383
-16383
-16383
-16383
-16383
-16383
-16383
-16383
-16383
-16383
-16383
-16383
-16383
-16383
-16383
-16383
-16383
-16383
-16383
-16383
-16383
-16383
-16383
-16383
-16383
-16383
-16383
-16383
-16383
-16383
-16383
-16383
-16383
-16383
-16383
-16383
-16383
-16383
-16383
-16383
-16383
-16383
-16383
-16383
-16383
-16383
-16383
-16383
-16383
-16383
-16383
-16383
-16383
-16383
-16383
-16383
-16383
-16383
-16383
-16383
-16383
-16383
-16383
-16383
-16383
-16383
-16383
-16383
-16383
-16383
-16383
-16383
-16383
-16383
-16383
-16383
-16383
-16383
-16383
-16383
-16383
-16383
-16383
-16383
-16383
-16383
-16383
-16383
-16383
-16383
-16383
-16383
-16383
-16383
-16383
-16383
-16383
-16383
-16383
-16383
-16383
-16383
-16383
-16383
-16383
-16383
-16383
-16383
-16383
-16383
-16383
-16383
-16383
-16383
-16383
-16383
-16383
-16383
-16383
-16383
-16383
-16383
-16383
-16383
-16383
-16383
-16383
-16383
-16383
-16383
-16383
-16383
-16383
-16383
-16383
-16383
-16383
-16383
-16383
-16383
-16383
-16383
-16383
-16383
-16383
-16383
-16383
-16383
-16383
-16383
-16383
-16383
-16383
-16383
-16383
-16383
-16383
-16383
-16383
-16383
-16383
-16383
-16383
-16383
-16383
-16383
-16383
-16383
-16383
-16383
-16383
-16383
-16383
-16383
-16383
-16383
-16383
-16383
-16383
-16383
-16383
-16383
-16383
-16383
-16383
-16383
-16383
-16383
-16383
-16383
-16383
-16383
-16383
-16383
-16383
-16383
-16383
-16383
-16383
-16383
-16383
-16383
-16383
-16383
-16383
-16383
-16383
-16383
-16383
-16383
-16383
-16383
-16383
-16383
-16383
-16383
-16383
-16383
-16383
-16383
-16383
-16383
-16383
-16383
-16383
-16383
-16383
-16383
-16383
-16383
-16383
-16383
0
7591
7547
7159
7667
7736
7619
7725
7405
7201
7664
7406
7515
7475
7479
7010
7158
7325
7281
7360
7538
7249
7065
7494
7336
7459
7372
7334
6947
7302
7283
7286
7458
7330
7195
7152
7448
7475
7646
7632
7342
7386
7665
7693
7667
7749
7072
7572
7403
7424
7497
7509
7294
6905
7421
7213
7309
7422
7534
7079
7217
7419
7220
7579
7331
7107
7028
7337
7276
7381
7415
7060
7139
7300
7469
7521
7713
7374
7260
7770
7598
7744
7587
7361
7242
7715
7296
7514
7447
7302
7118
7151
7402
7203
7437
7401
7224
6985
7561
7317
7321
7544
6980
7106
7266
7317
7215
7507
7330
7024
7402
7369
7549
7646
7603
7289
7640
7674
7604
7807
7467
7303
7481
7524
7288
7598
7340
7062
7203
7257
7316
7278
7469
7344
7055
7402
7354
7284
7445
7336
6853
7342
7188
7389
7335
7443
7023
7169
7448
7437
7634
7657
7226
7445
7798
7629
7793
7489
7158
7559
7476
7455
7429
7514
7063
7048
7288
7258
7354
7490
7338
7040
7282
7356
7364
7358
7400
6913
7223
7306
7256
7378
7387
7267
7034
7443
7410
7570
7618
7476
7225
7713
7656
7667
7842
7201
7450
7536
7404
7435
7553
7375
6873
7318
7282
7252
7353
7593
7177
7094
7486
7232
7494
7344
7251
6857
7301
7206
7379
7422
7272
7129
7237
7500
7465
7713
7541
7202
7602
7656
7714
7713
7505
7121
7726
7339
7520
7394
7433
7145
7054
7424
7152
7401
7463
7344
7034
7470
7386
7351
7523
7081
7084
7163
7370
7159
7456
7342
7104
7263
7384
7537
7590
7640
7292
7397
7727
7666
7712
7534
7251
7489
7548
7341
7562
7416
7189
7031
7268
7338
7268
7448
7422
7100
7260
7418
7280
7501
7379
7002
7216
7193
7359
7337
7547
7091
7070
7444
7421
7527
7737
7410
7234
7790
7578
7779
7681
7299
7271
7502
7458
7475
7495
7203
7104
7227
7299
7285
7448
7413
7196
7116
7454
7451
7347
7500
7007
7119
7319
7278
7330
7381
7376
6925
7402
7420
7510
7626
7656
7182
7662
7714
7645
7901
7298
7289
7508
7472
7383
7506
7397
6987
7214
7241
7310
7294
7504
7225
7060
7454
7319
7355
7295
7435
6863
7376
7149
7353
7385
7444
7197
7092
7511
7403
7653
7646
7272
7427
7778
7665
7649
7754
7114
7697
7374
7494
7420
7554
7204
6927
7422
7157
7332
7438
7438
7015
7228
7352
7392
7506
7245
7047
7038
7358
7194
7442
7346
7176
7118
7375
7493
7511
7685
7412
7236
7729
7670
7727
7700
7283
7334
7635
7423
7554
7450
7307
6977
7220
7358
7299
7426
7502
7124
7063
7582
7370
7478
7396
7081
7076
7320
7278
7245
7444
7194
7107
7325
7445
7545
7682
7482
7155
7612
7655
7712
7677
7420
7096
7634
7448
7388
7482
7355
7143
7085
7333
7274
7371
7407
7381
6975
7346
7395
7331
7582
7104
6990
7203
7241
7331
7399
7371
6963
7238
7399
7438
7611
7714
7312
7405
7706
7621
7888
7438
7315
7345
7514
7323
7511
7482
7096
764
-110
-287
-653
-1426
-2131
-2000
-1139
25
1515
3010
4659
5826
7405
7472
7702
7763
7912
8241
8382
8316
8308
8720
8667
8850
9086
9473
9235
9799
10723
11447
11376
10435
8946
6706
4487
790
358
149
-78
-208
-390
-756
-1696
-2514
-2373
-1675
-557
987
2462
4350
5909
7469
8925
8977
9139
9200
9577
9592
9986
10129
10098
10433
10423
10622
10754
10886
11276
11214
12385
13479
13874
13667
12034
9942
6971
3890
774
300
48
-124
-290
-562
-1255
-2409
-2810
-2324
-1094
431
2401
4196
6339
8155
9814
10105
10139
10409
10474
10823
10910
11168
11058
11524
11457
11584
11824
11917
12128
12280
13392
14904
15397
15017
13226
10419
7540
3820
741
328
29
-143
-317
-657
-1540
-3144
-3296
-2575
-1010
714
2911
4902
7244
9120
9952
9957
10044
10304
10556
10873
11115
10913
11194
11390
11421
11674
11897
12080
12006
13355
14783
15878
15682
14382
11447
8965
5486
1579
583
189
-18
-208
-306
-430
-516
-586
-605
-653
-689
-732
-666
-629
-605
-388
-158
-302
-1819
-3925
-5628
-5195
-4084
-2415
-299
2046
4558
7096
9446
11616
13519
14806
15956
15656
14787
12353
10420
8096
6444
3560
820
520
309
86
-71
-204
-308
-422
-465
-530
-596
-682
-670
-664
-738
-653
-654
-455
467
1180
1487
585
-284
-1776
-4242
-6011
-5631
-4117
-2236
90
2752
5441
8454
11009
13680
15585
17657
18414
19374
18561
16794
14265
11969
9384
7175
4604
1641
586
287
104
-39
-183
-301
-358
-485
-546
-571
-645
-643
-706
-667
-506
614
2291
3547
4470
4947
3967
2030
75
-1207
-3421
-5692
-5455
-4007
-2105
304
2997
5870
8912
11691
14558
16700
18824
20165
21024
20916
19715
17195
14632
12035
9317
6641
3624
930
497
237
60
-91
-216
-332
-384
-490
-540
-625
-655
-603
-576
-383
703
2691
4398
5988
6964
6754
4718
2875
738
-745
-2688
-4888
-5874
-4392
-2567
-364
2242
5007
7989
10828
13677
16178
18389
19887
21242
21678
21481
19697
17359
14671
12074
9424
6586
3705
900
537
296
60
-77
-220
-300
-375
-508
-522
-584
-627
-626
-550
-482
-73
1827
3759
5357
6627
7362
6283
4384
2424
399
-973
-2912
-5123
-5732
-4456
-2781
-660
1729
4320
7161
9824
12629
14993
17271
19196
20483
21452
21615
21229
18945
16757
14284
11829
9224
6563
3724
1097
587
291
138
-13
-147
-337
-341
-406
-498
-549
-586
-696
-620
-594
-573
-247
1228
3141
4607
5602
6407
6398
4828
3064
1155
-244
-2084
-3909
-6275
-5502
-4168
-2491
-474
1761
4192
6802
9442
11984
14423
16357
18395
19972
20923
21595
21386
20422
18079
15854
13754
11423
9095
6543
3686
1213
569
344
175
16
-114
-207
-296
-370
-489
-528
-584
-605
-612
-600
-677
-643
-472
181
1912
3385
4570
5444
5748
5488
4260
2498
716
-403
-2089
-4284
-6720
-5942
-4740
-3222
-1469
564
2766
5169
7505
10047
12294
14519
16460
18236
19730
20614
21326
21355
20884
18925
17080
14726
12815
10418
8294
5727
3390
843
595
411
178
67
-79
-175
-246
-331
-403
-467
-579
-686
-568
-554
-625
-655
-733
-547
-285
791
2385
3652
4527
4990
5117
4947
3839
2139
629
-493
-2228
-4491
-7157
-6428
-5420
-4176
-2561
-826
1114
3208
5466
7733
9920
12182
14154
16095
17795
19197
20377
21235
21472
21398
20509
18600
16706
14727
12640
10665
8399
6158
3833
1627
631
428
277
159
22
-79
-168
-272
-330
-379
-476
-522
-497
-621
-568
-687
-606
-747
-597
-665
-359
627
2274
3293
3875
4443
4529
4585
4185
2810
1402
-7
-961
-2858
-5779
-7415
-6808
-5895
-4646
-3271
-1698
34
1916
3956
5963
8074
10188
12139
14159
15906
17438
18762
20034
20838
21359
21539
21074
20102
18361
16500
14551
12660
10675
8745
6640
4619
2322
834
628
415
277
147
37
-70
-171
-240
-314
-386
-403
-450
-568
-607
-563
-557
-592
-631
-749
-711
-596
-564
-288
821
2117
3163
3488
4035
3990
3770
3609
2819
1296
134
-662
-2615
-5503
-7933
-7590
-6850
-5858
-4774
-3459
-2011
-434
1261
3115
4898
6838
8762
10665
12433
14279
15740
17261
18515
19562
20473
21137
21489
21373
21087
19735
18120
16421
14590
12960
10966
9385
7324
5539
3340
1217
624
552
314
291
153
35
-60
-151
-215
-304
-312
-376
-445
-432
-537
-581
-643
-616
-604
-601
-587
-525
-597
-597
-613
-370
310
1163
1994
2765
3194
3430
3312
3011
2702
2057
815
-135
-38
38
-1
75
57
83
137
185
210
-116
-1237
516
2172
3917
5633
7326
9008
10773
12229
13851
15235
16354
17488
18539
19540
20242
20734
20908
20877
20403
19390
17855
16525
15030
13515
11867
10308
8786
7298
5318
3413
1633
762
493
460
223
236
79
46
-78
-115
-208
-257
-326
12142
8099
8544
8513
8089
8272
7984
8234
8076
8364
7820
7938
8069
7952
8186
8278
8134
8012
8285
7926
8364
8223
8468
8105
7988
8240
7931
8344
8393
8118
8049
8068
8257
8284
8576
8410
8290
8197
8389
8168
8705
8172
8155
8190
7904
8179
8164
8104
7895
7962
8007
7833
8263
8316
8041
8058
8151
8026
8375
8273
8160
8052
8084
8149
7984
8402
8251
8051
8202
8065
8384
8476
8448
8456
8259
8400
8347
8313
8449
8017
8281
8126
8069
8257
8093
7848
8010
8023
8171
8093
8293
8008
8063
8264
8115
8172
8425
8049
8170
7974
8192
8116
8298
8405
7839
8161
8171
8174
8455
8522
8094
8384
8116
8415
8421
8517
8234
7986
8188
7963
8232
8329
7877
8006
7967
7903
8183
8382
8164
8209
7907
8277
7977
8398
8459
7904
8185
7899
8201
8053
8525
8117
8011
8158
8063
8293
8649
8322
8231
8388
8143
8533
8438
8247
8298
8032
8196
7980
8401
7959
7934
8121
7944
8100
8344
8284
8154
8240
8055
8296
8045
8505
8113
8078
8269
7938
8211
8272
8271
7964
8159
8249
8167
8436
8490
8195
8239
8357
8102
8516
8231
8125
8167
8006
8210
8123
8220
7726
7978
8048
7876
8269
8403
7952
8241
8058
8071
8346
8225
8302
7962
8101
8104
8035
8367
8316
8027
8058
8094
8174
8313
8554
8207
8172
8295
8277
8365
8645
7984
8264
8080
8116
8191
8298
7923
7926
7976
8084
8036
8340
8210
8107
8304
8105
8247
8363
8335
8246
8004
8231
8048
8236
8471
8072
8147
8182
8134
8399
8430
8246
8414
8121
8446
8244
8410
8255
7948
8283
7925
8147
8243
7947
7933
7952
8040
8107
8183
8264
8137
7986
8301
7999
8429
8477
7997
8205
7928
8257
8002
8468
8223
7959
8200
8013
8223
8530
8476
8239
8310
8025
8470
8363
8364
8143
7964
8183
7902
8366
8117
7893
8023
7852
8158
8205
8347
8045
8154
8089
8335
8007
8569
8244
8097
8186
7952
8215
8183
8497
7947
8094
8220
8119
8404
8635
8199
8399
8289
8134
8443
8339
8234
8109
8069
8099
7959
8332
7761
8016
8008
7922
8191
8209
8031
8257
8096
8139
8159
8103
8473
7929
8172
8109
8088
8208
8336
8102
8002
8181
8206
8100
8507
8290
8171
8354
8158
8280
8518
8024
8196
7951
8100
8034
8208
7949
7770
7966
7949
7955
8381
8298
8005
8188
7983
8322
8280
8337
8171
7869
8219
7991
8229
8437
8260
8009
8035
8131
8333
8429
8486
8265
8021
8439
8170
8455
8363
7964
8180
7840
8088
8136
8153
7853
7888
7906
7883
8138
8359
7998
8048
8276
7933
8322
8242
8183
8197
7988
8210
7899
8339
8343
7946
8223
8115
8219
8400
8437
8247
8436
8144
8382
8164
8476
8072
8054
8192
7859
8192
8153
7773
7899
7896
8095
7992
8215
8077
8164
8116
8256
7988
8495
8314
8059
8156
8068
8262
8119
8522
8032
8081
8169
8160
8440
8579
8272
8352
8217
8296
8460
8380
8247
8000
8088
8144
8007
8372
7943
7892
7984
7820
8137
8250
219
-694
-605
-55
1734
4332
6170
7947
9051
9812
10156
10262
9884
9295
8927
9147
9059
9108
9215
9176
9547
9277
9221
9367
9430
9425
9679
9509
8970
7320
5494
3340
1180
-668
-1887
-2393
-1019
-892
-898
-828
-659
-487
12
2271
4503
6662
8640
9967
11176
11583
12066
11801
11537
10644
10645
10914
10846
11010
11093
11107
11099
11111
11172
11285
11449
11738
11516
11779
11479
10350
8345
5910
3318
775
-1310
-2440
-2502
-1105
-940
-859
-658
-626
-172
1337
4100
6725
8942
11008
12262
13414
13645
13968
13319
12740
12399
12790
12703
12909
13117
12903
13241
13125
13025
13516
13445
13765
13698
13644
13756
12120
9959
7087
4052
1018
-1312
-2703
-2564
-1096
-1032
-789
-701
-664
-180
1763
5826
8338
10785
12913
14033
15130
15191
15320
14439
14156
14359
14582
14663
14793
14839
14632
15115
14724
14862
15395
15209
15540
15309
15437
14412
11972
9296
5951
2619
-237
-2129
-2701
-1517
-1121
-916
-860
-682
-566
-539
-457
-316
-217
-133
-39
76
180
283
379
458
427
569
1876
4792
9057
11687
14135
16338
17597
18762
19151
19130
18361
17136
15463
13199
10845
7769
4779
1949
-42
-1375
-2225
-2057
-971
-957
-916
-856
-783
-684
-564
-631
-477
-404
-347
-275
-164
-51
5
135
219
316
276
76
-226
92
605
2242
6080
11120
14571
16665
19068
20553
22103
22200
22630
21487
20597
18458
16585
13540
10825
7406
4045
1268
-714
-2057
-2824
-2816
-1622
-1090
-875
-859
-814
-667
-594
-535
-521
-495
-344
-306
-176
-94
-23
181
514
633
315
-286
-1054
-1359
-818
344
1742
5295
11181
15114
17638
20213
21879
23465
24005
24280
23420
22645
20647
18693
15915
12938
9516
5998
2724
140
-1687
-2798
-3264
-2602
-1176
-944
-823
-726
-642
-682
-577
-516
-518
-350
-391
-283
-144
-4
149
641
999
851
255
-663
-1586
-1666
-1327
-317
1270
4209
9356
15102
17546
19860
21824
23604
24380
24998
24514
23862
22443
20689
18065
15458
12257
8895
5326
2252
-223
-1976
-2955
-3342
-2769
-1165
-962
-914
-771
-669
-605
-543
-552
-565
-414
-366
-288
-237
-43
70
339
941
1025
665
-104
-1077
-1648
-1648
-1123
111
1513
4611
9905
15084
17376
19639
21586
23334
24139
24909
24467
24235
22912
21475
19508
16986
14255
11148
7905
4488
1683
-528
-2121
-3002
-3390
-2694
-1336
-1085
-861
-819
-773
-606
-575
-573
-499
-477
-458
-317
-304
-173
-64
74
235
723
927
651
109
-751
-1508
-1681
-1368
-452
720
2967
6521
13159
15773
17921
19965
21700
23318
23914
24603
24660
24152
23323
21688
20192
18132
15549
12857
9792
6685
3559
1101
-827
-2228
-3093
-3307
-2608
-1356
-984
-917
-812
-748
-685
-586
-625
-612
-581
-515
-450
-381
-267
-157
-140
-7
120
401
779
735
395
-237
-885
-1467
-1614
-1090
-142
845
2964
6862
13363
15641
17637
19297
21356
22646
23726
24526
24553
24728
23919
23104
21780
20152
18297
15912
13426
10673
7784
4742
2194
150
-1460
-2515
-3159
-3115
-2583
-1097
-1072
-1024
-831
-867
-643
-621
-571
-579
-620
-475
-527
-419
-303
-224
-151
-128
-78
71
227
572
727
535
128
-377
-955
-1478
-1504
-930
-78
891
3082
6858
13257
15243
17114
18988
20488
22096
23318
23998
24836
24951
24633
24326
23329
22270
20882
19105
17155
14956
12371
9798
7023
4239
1902
16
-1441
-2473
-2991
-3109
-2637
-1635
-1020
-910
-838
-907
-702
-765
-699
-557
-635
-490
-563
-486
-331
-397
-248
-268
-134
-147
0
46
200
502
723
556
276
-199
-622
-1112
-1424
-1110
-545
412
1373
3823
8783
13564
15521
17443
18795
20456
21706
22748
23918
24751
24945
25142
24992
24378
23784
22720
21356
19851
18125
16110
13903
11582
9023
6441
3936
1787
72
-1260
-2238
-2857
-3010
-2844
-1927
-1126
-1083
-1014
-913
-909
-869
-791
-647
-547
-562
-514
-440
-427
-467
-460
-311
-216
-185
-124
-125
-82
44
107
264
528
593
445
152
-249
-574
-869
-1187
-1116
-451
296
1032
3293
7608
12808
14820
16447
17898
19517
20823
21734
22893
23948
24707
24913
25323
25355
25028
24488
23950
22786
21726
20376
18771
17020
15117
13009
10756
8461
5980
3698
1764
202
-1101
-2018
-2711
-2962
-2981
-2352
-1265
-963
-1036
-866
-936
-908
-889
-837
-652
-583
-698
-509
-464
-464
-413
-433
-458
-408
-313
-221
-152
-112
-70
10
32
97
217
391
452
421
216
-28
-353
-602
-702
-851
-747
-130
563
371
454
649
487
620
708
700
475
609
3316
24451
23393
23951
24675
24924
25003
24924
24775
23999
23431
22654
21487
20289
18995
17641
16014
14277
12343
10386
8309
6132
4089
2351
819
-412
-1410
-2140
-2683
-2953
-2757
-2267
-1562
-1072
-868
-1015
-810
-1031
-765
-889
-665
-806
-758
-616
-635
23820
5170
4144
3212
1978
741
-453
-1698
-2785
-3769
-4963
-5739
-6414
-6945
-7181
-7227
-7155
-6881
-6318
-5713
-4735
-3852
-2786
-1497
-375
889
2091
3185
4008
5189
5979
6604
7007
7253
7202
7072
6526
6158
5345
4500
3476
2428
1162
-67
-1293
-2488
-3427
-4587
-5338
-6211
-6753
-7175
-7209
-7176
-6997
-6393
-5901
-5099
-4070
-3159
-1997
-741
428
1739
2853
3823
4809
5619
6401
6954
7131
7019
7143
6836
6374
5650
4763
3875
2812
1540
362
-911
-2069
-3121
-4174
-5275
-5808
-6618
-7006
-7235
-7007
-7138
-6730
-6144
-5398
-4484
-3464
-2464
-1107
40
1262
2521
3450
4462
5510
6186
6762
7159
7211
6963
7022
6515
5937
5073
4028
3162
1958
761
-447
-1735
-2783
-3813
-4905
-5736
-6397
-6958
-7162
-7206
-6971
-6838
-6394
-5629
-4809
-3784
-2780
-1523
-349
859
2092
3222
4077
5202
5823
6592
7050
7222
7150
7107
6720
6120
5380
4291
3537
2394
1104
-63
-1330
-2378
-3429
-4625
-5514
-6210
-6797
-7106
-7189
-7186
-7002
-6361
-5934
-5039
-4064
-3141
-1979
-753
479
1705
2853
3787
4837
5786
6417
6908
7210
7204
7102
6862
6376
5638
4820
3792
2827
1536
338
-899
-2086
-3111
-4202
-5261
-5979
-6593
-7090
-7197
-7174
-7128
-6489
-6172
-5409
-4401
-3497
-2401
-1121
32
1335
2488
3539
4450
5345
6201
6780
7128
7247
7146
6814
6539
5890
5052
4138
3067
1971
734
-502
-1713
-2823
-3795
-4991
-5599
-6448
-6881
-7020
-7231
-7180
-6878
-6338
-5647
-4755
-3785
-2800
-1516
-330
882
2087
3153
4171
5205
6025
6590
7048
7173
7200
7109
6685
6177
5333
4459
3510
2399
1141
-74
-1319
-2432
-3459
-4589
-5502
-6227
-6606
-7112
-7228
-7182
-6978
-6575
-5883
-5120
-4090
-3126
-1994
-730
460
1732
2881
3690
4859
5761
6414
6964
7217
7191
7117
6838
6324
5694
4707
3831
2727
1501
355
-930
-2122
-3111
-4196
-5088
-5967
-6639
-7012
-7220
-7216
-6933
-6705
-6142
-5315
-4504
-3448
-2335
-1119
104
1306
2522
3512
4504
5396
6235
6748
7150
7254
7161
6831
6514
5720
5090
4088
3185
1933
699
-486
-1768
-2766
-3814
-4953
-5741
-6414
-6930
-7121
-7215
-7192
-6825
-6362
-5510
-4759
-3843
-2763
-1536
-347
888
2077
3236
4120
5220
5998
6610
7040
7283
7167
7077
6706
6112
5374
4326
3489
2396
1100
-80
-1295
-2516
-3333
-4627
-5490
-6209
-6767
-7144
-7171
-7176
-6968
-6513
-5936
-5042
-4112
-3079
-1980
-753
489
1757
2832
3723
4829
5776
6431
6935
7170
7239
6923
6853
6382
5594
4651
3823
2731
1531
314
-921
-2102
-3122
-4203
-5252
-5828
-6616
-7022
-7199
-7172
-6929
-6710
-6076
-5378
-4389
-3496
-2411
-1076
76
1326
2506
3482
4492
5539
6027
6772
7104
7208
7170
6982
6483
5918
5025
4164
3163
1947
712
-508
-1728
-2784
-3775
-4955
-5592
-6435
-6868
-7190
-7198
-7148
-6806
-6347
-5614
-4814
-3739
-2797
-1553
-321
893
2098
3177
4123
5203
5998
6615
7059
7207
7178
7098
6674
5990
5373
4422
3512
2390
1135
-66
-1367
-2436
-3476
-4560
-5488
-6154
-6619
-7087
-7210
-9864
-10261
-10039
-9402
-8317
-6986
-5512
-3790
-2086
-287
1484
3261
4874
6473
7537
8314
8943
9391
9618
9630
9309
8967
8159
7550
6599
5508
4100
3047
1634
73
-1604
-3242
-4825
-6407
-7817
-9137
-9748
-10952
-11843
-12339
-12339
-11948
-11137
-9794
-8350
-6618
-4687
-2766
-735
1258
3271
5158
6898
8554
9538
10279
10873
11415
11338
11245
10898
10140
9553
8642
7534
6263
4999
3493
2150
457
-1309
-3063
-4861
-6457
-8077
-9474
-10629
-11354
-12437
-13142
-13329
-13116
-12368
-11229
-9607
-7700
-5701
-3521
-1338
899
3084
5131
7116
8870
10066
10838
11532
11879
12182
11956
11508
10977
10214
9152
8053
6675
5286
3791
2222
498
-1511
-3441
-5395
-7219
-8944
-10604
-11740
-12498
-13622
-14189
-14352
-14020
-13132
-11780
-9782
-7827
-5626
-3241
-895
1513
3805
6066
8161
9725
10793
11811
12321
12701
12813
12697
12137
11591
10846
9457
8219
6685
5277
3543
1596
-452
-2675
-4810
-6956
-8876
-11029
-12416
-13318
-14537
-15419
-15822
-15866
-15049
-14131
-12409
-10396
-8010
-5348
-2475
521
3594
6630
9548
12446
14831
16899
18143
18570
18342
18462
17752
16821
15699
14163
12434
10572
8295
6045
3453
907
-1849
-4412
-7032
-9354
-11800
-14140
-16192
-17709
-18822
-20244
-21225
-21763
-21791
-21324
-20371
-19015
-17168
-14957
-12408
-9574
-6478
-3223
102
3503
6836
10116
13417
16420
19032
20942
22472
23266
23045
22225
21537
20760
19411
17846
15813
13761
11242
8845
6126
3561
697
-1909
-4796
-7340
-9771
-12038
-14289
-16298
-18152
-19563
-20407
-21399
-22188
-22613
-22592
-22085
-21146
-19779
-18028
-15895
-13406
-10662
-7655
-4499
-1203
2172
5794
9471
12889
16027
18803
20875
22292
23277
23983
23698
22484
21547
20571
19134
17492
15471
13330
10911
8512
5856
3373
700
-1864
-4468
-6962
-9320
-11419
-13512
-15488
-17227
-18711
-19691
-20331
-21269
-21884
-22099
-21900
-21305
-20258
-18825
-17047
-14889
-12479
-9775
-6844
-3775
-566
2924
6618
10132
13474
16468
18930
20589
21963
22883
23456
23347
22351
20950
20101
18872
17336
15461
13492
11247
9011
6590
4195
1749
-582
-3054
-5404
-7748
-9808
-11808
-13707
-15525
-17115
-18430
-19365
-19871
-20774
-21382
-21594
-21436
-20899
-19984
-18714
-17116
-15142
-12918
-10440
-7750
-4874
-1903
1220
4749
8211
11475
14513
17222
19215
20710
21857
22602
23144
22926
21851
20588
19797
18638
17197
15473
13679
11588
9566
7271
5099
2809
520
-1699
-3976
-6166
-8364
-10169
-12067
-13864
-15560
-17023
-18271
-19100
-19645
-20501
-21087
-21404
-21372
-20958
-20250
-19193
-17808
-16145
-14203
-12001
-9632
-7029
-4317
-1524
1399
4632
7918
10984
13797
16421
18623
20171
21384
22232
22881
22974
22505
20934
20294
19453
18312
16931
15298
13636
11702
9698
7653
5535
3529
1331
-816
-2887
-5018
-7030
-8974
-10646
-12382
-14107
-15667
-17070
-18197
-18945
-19479
-20282
-20957
-21331
-21418
-21201
-20661
-19860
-18753
-17383
-15736
-13862
-11773
-9496
-7074
-4576
-1964
729
3563
6649
9586
12344
14905
17153
19071
20521
21539
22289
22928
23012
22388
20843
20328
19601
18682
17377
16016
14458
12735
11017
9060
7215
5243
3304
1323
-676
-2582
-4562
-6462
-8353
-9938
-11613
-13133
-14719
-16057
-17322
-18260
-19024
-19396
-20269
-20917
-21273
-21440
-21258
-20869
-20200
-19296
-18164
-16751
-15185
-13389
-11366
-9225
-6995
-4666
-2281
224
2761
5493
8312
10961
13410
15629
17621
19369
20653
21548
22257
22834
22854
22231
20692
20312
19723
18897
17920
16683
15325
13901
12246
10609
8943
7130
5391
3569
1755
-35
-1853
-3670
-5405
-7166
-8805
-10251
-11744
-13203
-14578
-15885
-16966
-17908
-18611
-19115
-19761
-20452
-20943
-21252
-21241
-21080
-20663
-19999
-19180
-18088
-16860
-15411
-13758
-12033
-10095
-8118
-5980
-3852
-1582
647
2993
5503
8138
10535
12728
14832
16677
18398
19835
20809
21591
22154
22626
22464
21395
20309
19925
19343
18717
17803
16803
15673
14328
12909
11515
9981
8411
6852
5183
3578
1983
377
-1282
-2878
-4481
-6079
-7587
-9054
-10379
-11703
-12989
-14239
-15390
-16456
-17331
-18094
-18552
-19072
-19824
-20390
-20760
-20966
-20969
-20769
-20357
-19774
-19044
-18130
-17033
-15796
-14439
-12914
-11233
-9473
-7650
-5752
-3825
-1807
258
2306
4414
6718
9024
11188
13091
14962
16574
18030
19376
20403
21046
21620
22132
21966
21062
19851
19531
19158
18665
17961
17182
16359
15307
14136
12908
11722
10356
8988
7602
6202
4716
3360
1904
486
-927
-2367
-3808
-5230
-6600
-8011
-9205
-10386
-11565
-12691
-13847
-14842
-15871
-16670
-17422
-17896
-18215
-18863
-19539
-19978
-20341
-20499
-20503
-20340
-19995
-19540
-18985
-18192
-17306
-16298
-15130
-13889
-12539
-11084
-9524
-7896
-6215
-4485
-2702
-930
880
2689
4562
6528
8496
10403
12239
13914
15455
16815
18003
19110
19990
20565
21064
21805
22313
22639
22946
23013
22954
22784
22541
22060
20769
14550
14054
13033
11869
10735
9555
8326
7024
5861
4568
3334
2166
929
-339
-1652
-2918
-4181
-5413
-6657
-7846
-8953
-9957
-11037
-12079
-13097
-14042
-14954
-15805
-16580
-17119
-17575
-17961
-18461
-19001
-19527
-19825
-20140
-20181
-20225
-20029
-19824
-19441
-18923
-18342
-9419
5253
5902
6465
7075
7254
7362
7096
6765
6139
5446
4571
3489
2376
1154
71
-1190
-2440
-3515
-4618
-5454
-6167
-6617
-6928
-7307
-7218
-7069
-6516
-5785
-5150
-4221
-3161
-1948
-786
388
1571
2742
3912
4885
5757
6241
6887
7216
7273
7242
6832
6416
5667
4757
3870
2733
1559
383
-717
-2090
-3089
-4240
-5208
-5929
-6502
-6990
-7274
-7297
-7061
-6750
-6112
-5443
-4418
-3503
-2368
-1148
-49
1182
2399
3579
4577
5486
6156
6663
7200
7273
7270
7017
6525
5967
5131
4137
3115
1958
793
-361
-1616
-2860
-3873
-4938
-5737
-6298
-6855
-7171
-7348
-7179
-6869
-6371
-5644
-4901
-3852
-2799
-1544
-377
707
2053
3149
4283
5189
5781
6467
6990
7294
7258
7129
6696
6132
5453
4514
3548
2333
1186
45
-1183
-2416
-3582
-4533
-5526
-6133
-6636
-6997
-7262
-7289
-6946
-6556
-5901
-5122
-4125
-3101
-1979
-734
346
1605
2843
3896
4929
5526
6307
6883
7189
7351
7154
6720
6341
5702
4866
3841
2758
1531
441
-773
-2063
-3102
-4296
-5195
-5837
-6466
-7041
-7294
-7268
-7165
-6681
-6159
-5382
-4554
-3512
-2348
-1161
18
1145
2458
3566
4596
5518
6093
6688
7130
7273
7296
6764
6587
5884
5179
4207
3119
1939
754
-310
-1677
-2728
-3923
-4929
-5752
-6364
-6836
-7246
-7299
-7182
-6897
-6313
-5708
-4711
-3871
-2729
-1540
-372
788
1967
3233
4248
5227
5943
6262
7086
7234
7273
7072
6705
6168
5404
4450
3474
2355
1119
2
-1194
-2503
-3513
-4613
-5482
-6159
-6707
-7119
-7352
-7221
-6816
-6569
-5896
-5189
-4187
-3169
-1937
-759
374
1634
2809
3971
4874
5730
6297
6847
7283
7269
7231
6836
6343
5695
4832
3894
2637
1561
406
-766
-2044
-3232
-4224
-5260
-5918
-6471
-7062
-7248
-7361
-7073
-6751
-5948
-5400
-4573
-3470
-2373
-1103
-24
1169
2458
3548
4632
5459
6141
6478
7124
7325
7206
7033
6498
5947
5010
4170
3120
1927
800
-395
-1611
-2837
-3920
-4889
-5811
-6309
-6691
-7237
-7281
-7243
-6836
-6403
-5636
-4739
-3858
-2729
-1555
-335
733
2029
3198
4142
5225
5929
6493
7025
7082
7294
7057
6744
6107
5462
4511
3501
2336
1150
55
-1243
-2423
-3583
-4460
-5503
-6177
-6617
-7179
-7293
-7249
-7014
-6500
-5942
-5114
-4249
-3109
-1950
-731
406
1578
2866
3888
4950
5581
6266
6890
7161
7318
7154
6840
6185
5630
4880
3822
2740
1517
390
-742
-2095
-3145
-4296
-5187
-5976
-6326
-7002
-7314
-7239
-7142
-6717
-5959
-5436
-4516
-3529
-2326
-1153
8
1153
2448
3609
4548
5376
6136
6497
7190
7047
7280
6949
6536
5921
5114
4084
3082
1948
768
-351
-1608
-2858
-3883
-4934
-5694
-6346
-6858
-7194
-7136
-7138
-6895
-6315
-5649
-4862
-3732
-2764
-1526
-390
788
2050
3194
4306
5193
5955
6437
7029
7080
7239
7148
6669
6148
5402
4397
3504
2315
1163
1
-1200
-2449
-3569
-4586
-5537
-6115
-6656
-7136
-7277
-7287
-6763
-6589
-5874
-5165
-4211
-3116
-1949
-742
339
1631
2815
3823
4931
5738
6333
6852
7244
7304
7156
6905
6316
5720
4829
3859
2660
1535
431
732
-991
-3003
-4891
-6275
-7195
-8083
-8464
-8859
-9191
-9115
-8775
-8286
-7419
-6527
-5300
-4054
-2695
-1225
198
1530
2836
4101
5264
6292
7182
7672
8281
8719
9265
9619
9781
9706
9315
8598
7495
6366
4437
2275
-7
-2339
-4624
-6712
-8092
-9215
-10166
-10621
-11268
-11176
-11346
-10912
-10377
-9479
-8428
-7207
-5766
-4309
-2734
-1118
537
2076
3439
4889
6075
7150
7982
8726
9166
9492
9926
10366
10610
10588
10323
9693
8732
7395
5813
3537
1055
-1507
-4081
-6490
-8546
-9802
-10652
-11470
-11910
-12162
-12027
-11951
-11056
-10272
-9109
-7862
-6347
-4748
-3084
-1362
345
2028
3519
5087
6309
7485
8415
9155
9713
9963
10574
11047
11339
11350
11063
10387
9202
7730
5882
3354
669
-2108
-4864
-7409
-9464
-10247
-11368
-12150
-12605
-12863
-12670
-12336
-11526
-10613
-9365
-7926
-6433
-4578
-2750
-874
964
2620
4351
5985
7227
8499
9438
10416
10708
11373
12114
12544
12731
12568
12063
11046
9378
7595
5080
2279
-653
-3648
-6477
-9372
-11790
-14002
-15836
-17242
-18161
-18607
-18549
-18007
-16978
-15589
-13489
-11207
-8891
-6540
-4134
-1315
1476
4192
6851
9269
11532
13685
15292
16930
17909
18761
19236
19687
19336
18872
17808
16514
14408
12339
10015
7064
3923
685
-2609
-5873
-9034
-12049
-14814
-17296
-19438
-21192
-22508
-23370
-23771
-23671
-23102
-22041
-20426
-18395
-16034
-13522
-10761
-7931
-5294
-2659
308
3393
6265
9023
11479
13798
15708
17463
18761
19886
20552
21052
21058
20875
20366
19475
18094
16383
14290
11993
9586
6716
3578
346
-2921
-6140
-9265
-12248
-15001
-17503
-19674
-21501
-22917
-23904
-24463
-24514
-23990
-22930
-21471
-19617
-17416
-15078
-12617
-9987
-7112
-4441
-2006
818
3744
6476
9096
11425
13575
15403
17030
18250
19296
19956
20408
20516
20372
19941
19244
18133
16631
14810
12728
10482
8084
5153
2103
-1012
-4128
-7199
-10143
-12942
-15522
-17817
-19849
-21502
-22769
-23634
-24076
-23937
-23252
-22164
-20657
-18815
-16777
-14685
-12329
-9875
-7163
-4566
-2202
136
2970
5620
8091
10337
12412
14195
15805
17092
18152
18914
19515
19757
19810
19573
19153
18394
17304
15848
14078
12139
10015
7776
4984
2091
-842
-3798
-6701
-9525
-12214
-14706
-16957
-18948
-20629
-21981
-22935
-23539
-23690
-23226
-22380
-21178
-19635
-17783
-15869
-13824
-11594
-9245
-6697
-4280
-2114
169
2797
5277
7624
9748
11749
13474
15082
16334
17455
18288
18914
19335
19499
19450
19158
18751
17966
16875
15473
13817
11994
10008
7920
5341
2643
-133
-2919
-5669
-8341
-10956
-13391
-15638
-17673
-19430
-20923
-22099
-22941
-23436
-23563
-23143
-22328
-21226
-19841
-18175
-16302
-14420
-12373
-10213
-7866
-5590
-3377
-1568
903
3338
5641
7811
9778
11667
13294
14750
16026
17073
17989
18603
19045
19339
19381
19266
18936
18497
17701
16590
15252
13692
11981
10180
8238
5879
3363
780
-1825
-4426
-6985
-9479
-11859
-14084
-16146
-17999
-19627
-20986
-22076
-22895
-23380
-23563
-23350
-22676
-21751
-20562
-19142
-17511
-15716
-13871
-11937
-9912
-7681
-5545
-3603
-1972
364
2649
4854
6868
8817
10597
12218
13723
14981
16164
17100
17887
18495
18903
19184
19268
19192
18946
18614
17982
17132
15997
14710
13207
11622
9894
8128
5871
3528
1149
-1287
-3699
-6102
-8446
-10707
-12874
-14866
-16734
-18380
-19853
-21087
-22068
-22819
-23299
-23487
-23394
-22894
-22097
-21092
-19893
-18504
-16940
-15212
-13451
-11663
-9754
-7711
-5769
-4026
-2600
-416
1702
3725
5707
7520
9230
10858
12278
13627
14849
15867
16786
17513
18087
18541
18837
18988
19038
18885
18619
18269
17680
16868
15866
14658
13324
11875
10336
8714
6814
4692
2506
278
-1952
-4192
-6400
-8535
-10640
-12610
-14491
-16224
-17788
-19219
-20425
-21444
-22214
-22800
-23126
-23253
-23112
-22640
-21858
-20963
-19911
-18677
-17298
-15761
-14124
-12509
-10817
-9057
-7161
-5468
-4114
-2633
-680
1227
3125
4893
6600
8220
9684
11064
12375
13537
14600
15549
16326
17010
17574
18002
18322
18538
18627
18572
18435
18183
17832
17297
16572
15659
14613
13429
12148
10778
9370
7784
5894
3954
1955
-68
-2109
-4140
-6134
-8092
-10001
-11827
-13568
-15205
-16719
-18097
-19287
-20310
-21177
-21848
-22354
-22671
-22775
-22710
-22419
-21828
-21054
-20127
-19146
-17963
-16709
-15345
-13839
-12322
-10846
-9250
-7544
-6071
-4881
-3741
-2010
-267
1447
3063
4647
6189
7608
8929
10196
11409
12475
13473
14394
15190
15854
16487
16969
17375
17694
17912
18027
18059
17998
17821
17623
17297
16806
16160
15367
14487
13433
12354
11147
9938
8678
7102
5380
3650
1833
25
-1797
-3620
-5414
-7194
-8943
-10614
-12219
-13750
-15187
-16503
-17711
-18757
-19673
-20436
-21059
-21545
-21892
-22067
-22123
-22008
-21714
-21209
-20540
-19737
-18823
-17825
-16721
-15555
-14287
-12950
-11574
-10242
-8811
-7161
-5443
-3724
-1963
-204
1570
3351
5133
6863
8168
6633
8263
9514
10623
11678
12629
13472
14215
14944
15541
16076
16579
16984
17293
17497
17653
17735
17762
17700
17568
17394
17135
16716
16210
15584
14869
14037
13110
12097
11099
10049
8950
7644
6189
4658
3139
1535
-43
-1671
-3255
-4876
-6444
-7982
-9491
-10050
14409
14845
15282
15717
16155
210
650
1091
1533
1973
2415
2858
3302
3745
4188
4628
5068
5508
5947
6387
6826
7265
7702
8140
8579
9018
9458
9897
10334
10772
11210
11648
12086
12524
12959
13394
13830
14266
14703
15140
15576
16013
67
507
948
1389
1830
2272
2715
3158
3601
4044
4485
4925
5366
5806
6245
6685
7123
7561
7999
8438
8877
9317
9756
10194
10631
11069
11507
11945
12382
12818
13252
13688
14123
14559
14996
15432
15868
16306
361
802
1243
1684
2125
2567
3010
3454
3896
4338
4778
5218
5658
6097
6536
6975
7413
7851
8289
8728
9167
9606
10044
10481
10919
11357
11795
12233
12669
13104
13540
13976
14412
14849
15285
15721
16158
213
653
1095
1536
1977
2419
2862
3305
3749
4191
4632
5072
5512
5952
6392
6831
7270
7707
8146
8585
9025
9464
9904
10341
10778
11217
11655
12093
12530
12965
13400
13836
14272
14708
15144
15580
16017
71
511
952
1393
1834
2276
2719
3162
3605
4048
4489
4929
5369
5808
6248
6688
7127
7564
8002
8440
8879
9319
9758
10196
10633
11071
11509
11947
12384
12820
13255
13690
14126
14562
14999
15436
15872
16310
365
805
1246
1688
2129
2571
3014
3457
3900
4342
4782
5223
5662
6102
6541
6981
7419
7857
8296
8735
9174
9614
10053
10490
10928
11366
11805
12242
12679
13114
13549
13985
14421
14857
15293
15729
16167
221
661
1102
1543
1983
2425
2868
3312
3754
4197
4637
5077
5517
5957
6396
6835
7273
7711
8149
8588
9027
9467
9905
10342
10780
11218
11656
12094
12531
12966
13401
13836
14273
14709
15145
15581
16017
72
511
952
1394
1834
2276
2718
3162
3605
4048
4489
4929
5368
5808
6248
6687
7126
7564
8002
8440
8880
9320
9759
10197
10634
11073
11511
11949
12387
12823
13258
13694
14130
14566
15003
15439
15876
16313
369
809
1250
1691
2132
2575
3017
3460
3903
4345
4785
5225
5665
6105
6544
6983
7421
7859
8298
8737
9176
9616
10054
10491
10929
11367
11805
12243
12679
13114
13549
13985
14421
14857
15294
15730
16167
222
662
1102
1544
1984
2426
2869
3312
3755
4197
4638
5078
5517
5957
6396
6835
7274
7711
8150
8589
9028
9467
9906
10343
10781
11220
11658
12096
12533
12969
13404
13840
14276
14712
15149
15585
16022
76
516
956
1398
1838
2280
2723
3166
3609
4051
4492
4932
5372
5811
6251
6690
7129
7566
8004
8443
8883
9322
9762
10199
10637
11075
11513
11951
12389
12825
13260
13695
14131
14567
15004
15440
15876
16314
369
810
1251
1692
2133
2576
3019
3462
3905
4346
4786
5226
5666
6105
6545
6984
7422
7859
8298
8737
9177
9616
10054
10491
10930
11368
11806
12244
12681
13116
13551
13987
14423
14860
15296
15732
16169
224
664
1105
1547
1987
2429
2872
3315
3758
4200
4641
5081
5520
5960
6399
6838
7276
7714
8152
8590
9029
9469
9908
10345
10782
11220
11658
12096
12533
12969
13404
13839
14275
14711
15147
15584
16020
75
514
955
1396
1837
2278
2721
3163
3606
4049
4498
4982
5486
5994
6492
6972
7424
7850
8251
8633
9000
9358
9712
10066
10425
10788
11154
11523
11895
12269
12645
13022
13401
13783
14165
14549
14935
15323
15714
16109
133
560
1012
1491
1997
2523
3056
3581
4091
4587
5071
5543
6005
6455
6889
7304
7699
8074
8434
8782
9120
9453
9785
10118
10456
10798
11143
11492
11843
12196
12552
12911
13271
13634
13999
14366
14735
15106
15481
15859
16247
267
696
1157
1652
2177
2719
3263
3796
4314
4817
5306
5783
6249
6700
7131
7540
7928
8297
8650
8992
9328
9659
9992
10329
10671
11017
11366
11718
12073
12431
12792
13155
13521
13889
14260
14634
15010
15390
15775
16171
203
648
1131
1650
2193
2745
3292
3827
4345
4847
5336
5812
6278
6732
7166
7577
7967
8338
8694
9040
9379
9717
10057
10402
10750
11101
11456
11813
12174
12537
12903
13272
13643
14016
14392
14771
15153
15539
15934
16346
402
876
1384
1912
2448
2983
3508
4018
4513
4995
5465
5925
6376
6819
7256
7687
8112
8533
8949
9361
9769
10173
10574
10973
11368
11760
12148
12526
12892
13245
13586
13916
14238
14553
14867
15182
15502
15831
16173
147
524
917
1321
1731
2144
2558
2971
3380
3785
4185
4581
4972
5361
5746
6128
6507
6884
7258
7631
8001
8369
8735
9099
9462
9823
10183
10541
10899
11255
11611
11965
12317
12661
12996
13323
13642
13954
14262
14565
14864
15162
15461
15765
16079
22
366
728
1102
1486
1876
2268
2662
3054
3444
3829
4211
4589
4963
5334
5702
6067
6430
6790
7149
7506
7861
8213
8564
8914
9262
9610
9956
10303
10650
10997
11343
11689
12033
12375
12710
13034
13350
13658
13960
14256
14547
14835
15121
15407
15695
15991
16299
239
582
941
1314
1694
2080
2468
2857
3242
3625
4002
4376
4745
5110
5472
5830
6186
6539
6890
7239
7585
7929
8272
8613
8952
9290
9628
9965
10303
10642
10980
11319
11656
11992
12325
12653
12970
13278
13577
13870
14155
14436
14713
14986
15258
15531
15809
16096
12
329
665
1018
1382
1754
2130
2508
2886
3262
3633
4000
4362
4720
5073
5423
5770
6114
6455
6794
7131
7465
7797
8127
8456
8782
9107
9432
9756
10080
10404
10729
11054
11378
11700
12021
12340
12653
12956
13250
13536
13816
14089
14358
14622
14882
15141
15398
15659
15927
16205
112
421
747
1086
1435
1790
2149
2509
2868
3225
3578
3927
4271
4611
4948
5281
5611
5938
6263
6585
6906
7223
7539
7853
8165
8475
8785
9092
9399
9705
10011
10317
10624
10930
11235
11539
11842
12143
12442
12733
13015
13289
13558
13820
14078
14331
14580
14826
15070
15313
15557
15807
16064
16332
229
527
839
1162
1491
1825
2162
2499
2836
3170
3501
3828
4151
4471
4787
5101
5411
5719
6025
6329
6630
6930
7227
7523
7817
8109
8399
8689
8979
9267
9554
9840
10127
10413
10699
10985
11269
11553
11836
12116
12395
12666
12930
13187
13439
13686
13928
14167
14402
14634
14864
15092
15318
15547
15779
16019
16267
144
418
706
1004
1310
1620
1932
2246
2560
2873
3184
3491
3795
4096
4394
4690
4982
5272
5560
5845
6129
6411
6691
6969
7246
7520
7793
8064
8335
8605
8875
9144
9412
9679
9946
10213
10479
10744
11009
11273
11537
11799
12059
12318
12570
12815
13055
13289
13520
13747
13971
14191
14409
14624
14838
15049
15259
15470
15683
15903
16129
16365
228
488
759
1038
1323
1612
1903
2194
2486
2776
3065
3351
3634
3915
4193
4468
4741
5012
5281
5548
5814
6077
6339
6599
6858
7114
7369
7621
7873
8124
8375
8626
8876
9127
9376
9624
9872
10119
10365
10611
10857
11102
11346
11589
11830
12070
12307
12539
12765
12985
13201
13414
13624
13831
14035
14237
14437
14634
14830
15024
15216
15409
15604
15804
16009
16222
61
293
537
790
1050
1314
1582
1850
2120
2389
2658
2925
3190
3453
3713
3970
4226
4480
4732
4983
5232
5479
5725
5968
6211
6451
6690
6927
7161
7394
7625
7857
8088
8319
8550
8782
9014
9245
9474
9703
9931
10158
10385
10611
10836
11061
11285
11508
11728
11948
12166
12380
12589
12792
12992
13188
13381
13571
13760
13947
14132
14314
14495
14674
14851
15026
15200
15375
15552
15732
15918
16109
16308
131
348
575
810
1050
1293
1539
1786
2033
2281
2528
2773
3017
3259
3498
3735
3970
4204
4437
4669
4900
5129
5357
5583
5808
6031
6252
6472
6688
6902
7115
7326
7537
7748
7958
8170
8381
8594
8806
9019
9231
9442
9652
9861
10068
10275
10482
10687
10892
11096
11299
11500
11699
11898
12097
12296
12495
12695
12895
13096
13297
13495
13681
13860
14034
14204
14370
14534
14695
14854
15011
15167
15324
15483
15644
15809
15978
16152
16333
138
334
538
748
962
1179
1397
1617
1837
2058
2278
2497
2715
2933
3147
3359
3569
3778
3986
4194
4402
4610
4817
5023
5229
5432
5634
