1651 9 b000 1 4718 9
163
196
226
250
266
275
275
268
254
233
205
171
132
90
45
0
-47
-92
-135
-173
-207
-233
-254
-269
-275
-272
-263
-245
-221
-191
-155
-115
-72
-26
18
64
108
149
186
217
241
260
271
275
271
260
241
215
183
146
104
60
13
-31
-77
-120
-160
-196
-226
-249
-264
-273
-272
-266
-251
-230
-202
-168
-129
-87
-41
4
50
93
135
172
207
235
256
270
275
273
264
248
225
194
159
119
75
30
-16
-64
-107
-147
-185
-217
-242
-261
-272
-274
-269
-257
-238
-212
-180
-142
-101
-58
-12
33
79
122
162
195
225
248
265
274
275
268
254
233
205
172
133
90
46
0
-45
-91
-135
-174
-206
-234
-254
-268
-274
-272
-263
-246
-221
-191
-156
-116
-72
-27
19
63
107
148
185
217
242
260
271
274
271
260
241
215
184
147
105
61
14
-32
-77
-120
-160
-196
-227
-251
-265
-274
-274
-267
-253
-231
-203
-168
-130
-87
-42
4
50
94
135
173
205
233
256
270
276
274
264
248
225
195
160
120
77
31
-15
-61
-107
-148
-185
-216
-241
-260
-272
-275
-271
-259
-239
-213
-181
-143
-101
-60
-14
30
75
118
157
193
223
245
261
271
273
267
253
233
206
173
135
93
48
3
-43
-91
-134
-173
-209
-236
-257
-269
-276
-274
-265
-248
-223
-193
-157
-116
-73
-27
19
64
107
149
186
219
245
262
274
276
272
260
242
217
185
148
107
62
16
-30
-77
-120
-159
-195
-225
-249
-266
-274
-275
-268
-253
-232
-203
-169
-130
-88
-43
2
48
94
135
174
206
234
255
269
276
274
265
249
225
196
161
121
77
32
-14
-60
-105
-147
-185
-217
-241
-259
-271
-276
-272
-260
-240
-213
-181
-144
-102
-58
-12
33
78
122
162
197
227
249
266
274
275
269
256
234
206
173
134
92
47
0
-45
-90
-132
-170
-206
-234
-255
-269
-274
-271
-262
-246
-222
-192
-156
-116
-73
-28
18
63
108
149
184
216
242
261
272
276
271
259
241
216
184
147
106
62
17
-29
-75
-118
-159
-193
-223
-247
-263
-274
-275
-267
-253
-231
-203
-169
-130
-87
-43
2
48
93
136
174
208
234
254
268
275
274
265
249
225
195
160
120
76
31
-14
-59
-103
-145
-183
-216
-241
-259
-269
-273
-269
-259
-239
-213
-181
-144
-103
-58
-12
33
78
120
160
196
226
249
266
273
275
269
255
234
206
173
134
92
47
1
-45
-91
-132
-170
-204
-232
-253
-267
-274
-271
-262
-246
-222
-192
-157
-117
-74
-29
17
64
108
149
185
217
242
261
273
277
273
261
242
216
185
148
106
62
16
-35
-88
-142
-189
-226
-249
-263
-271
-273
-272
-265
-253
-235
-212
-185
-154
-120
-82
-42
-2
36
77
117
156
191
219
242
261
273
281
282
277
263
242
216
184
145
98
44
-13
-73
-131
-184
-226
-256
-274
-285
-288
-286
-279
-266
-248
-224
-195
-162
-125
-84
-41
1
45
88
131
172
210
242
267
286
298
305
303
292
268
231
183
127
66
3
-56
-114
-165
-213
-253
-284
-305
-316
-320
-318
-311
-300
-283
-262
-235
-203
-166
-126
-84
-38
7
53
99
145
187
227
261
292
315
331
341
344
338
321
291
247
192
127
59
-9
-77
-140
-200
-253
-295
-328
-350
-360
-364
-360
-352
-337
-317
-291
-260
-223
-182
-137
-88
-37
14
67
119
170
219
263
302
335
361
380
391
393
386
366
330
279
214
138
58
-20
-98
-171
-237
-295
-345
-382
-407
-419
-421
-409
-388
-357
-317
-271
-222
-170
-117
-62
-7
47
102
156
209
260
306
348
383
411
434
449
458
455
444
418
378
325
261
186
106
23
-59
-139
-214
-283
-346
-399
-439
-468
-486
-491
-486
-469
-441
-402
-355
-301
-244
-184
-123
-62
0
61
123
185
245
301
354
399
439
472
497
515
524
524
513
490
453
402
337
261
177
87
-3
-92
-177
-256
-326
-387
-438
-477
-505
-520
-524
-515
-495
-464
-423
-374
-319
-259
-197
-135
-72
-10
50
111
170
228
283
335
382
423
458
487
508
520
525
520
504
476
433
376
305
224
137
45
-44
-132
-214
-289
-355
-412
-457
-491
-513
-523
-521
-508
-484
-450
-406
-355
-298
-239
-177
-116
-54
6
66
125
184
240
294
344
389
429
463
490
509
521
525
520
503
475
432
375
306
227
141
51
-37
-123
-204
-279
-345
-402
-448
-484
-509
-522
-523
-514
-493
-463
-424
-377
-324
-266
-207
-147
-87
-27
31
89
147
203
258
309
357
400
437
469
494
512
522
525
519
502
473
432
377
310
234
151
65
-21
-105
-185
-259
-325
-383
-432
-471
-499
-517
-524
-520
-506
-482
-449
-408
-360
-307
-251
-193
-135
-77
-19
38
94
150
205
258
307
354
396
433
464
490
508
520
525
522
509
486
450
401
342
272
194
112
28
-54
-135
-210
-280
-342
-396
-442
-477
-503
-519
-524
-519
-505
-481
-449
-409
-363
-312
-258
-202
-146
-89
-33
21
76
130
184
236
286
332
375
413
447
475
497
513
522
525
519
505
480
442
393
333
264
188
107
25
-55
-133
-207
-276
-337
-391
-436
-472
-499
-516
-524
-521
-510
-490
-461
-425
-382
-334
-282
-229
-174
-120
-65
-11
41
94
147
199
248
296
340
381
418
450
477
498
513
522
525
520
507
484
449
403
346
280
207
129
49
-30
-107
-181
-250
-312
-368
-416
-456
-486
-508
-521
-524
-518
-504
-481
-451
-413
-370
-322
-272
-220
-167
-115
-62
-10
41
93
144
194
242
289
333
373
409
442
469
491
508
519
525
523
515
497
469
430
380
321
253
180
103
25
-51
-125
-196
-262
-322
-375
-421
-458
-488
-509
-521
-524
-519
-505
-484
-455
-420
-379
-333
-285
-235
-185
-134
-83
-32
17
67
117
166
214
260
304
346
384
418
448
473
494
510
520
525
523
515
498
471
434
386
329
265
195
120
45
-29
-102
-173
-238
-299
-353
-401
-441
-474
-498
-515
-523
-523
-515
-499
-477
-447
-411
-370
-326
-279
-231
-182
-133
-84
-35
13
61
109
157
203
249
292
332
370
405
435
462
484
502
515
522
525
521
510
491
462
424
376
319
255
186
114
40
-31
-102
-171
-235
-294
-347
-394
-434
-467
-493
-511
-521
-524
-519
-506
-487
-461
-428
-391
-350
-306
-260
-213
-166
-119
-72
-25
21
67
114
160
205
248
290
329
366
400
430
457
479
497
511
520
525
524
516
502
478
446
404
353
295
231
163
92
21
-48
-117
-182
-243
-300
-351
-396
-435
-467
-492
-510
-521
-524
-520
-509
-491
-468
-438
-403
-364
-323
-279
-235
-190
-144
-99
-53
-8
36
80
125
169
212
254
294
332
367
399
429
454
477
495
509
519
524
525
520
508
488
460
423
378
324
265
201
133
64
-4
-71
-137
-199
-257
-311
-359
-402
-439
-470
-494
-511
-521
-222
-191
-156
-116
-72
-27
17
63
107
148
185
217
242
261
271
275
271
259
240
213
181
144
102
57
11
-34
-79
-121
-159
-195
-224
-249
-264
-273
-273
-266
-252
-230
-202
-168
-130
-88
-43
2
48
92
135
172
206
232
255
269
276
273
264
247
223
192
156
116
73
27
-17
-63
-107
-148
-185
-215
-241
-259
-271
-274
-270
-257
-238
-212
-180
-143
-102
-58
-13
32
77
122
161
197
226
248
265
274
275
269
254
232
203
169
130
87
42
-3
-48
-93
-135
-175
-208
-234
-254
-267
-273
-271
-262
-245
-222
-192
-156
-117
-74
-28
17
63
105
146
184
216
242
261
271
275
270
259
240
214
181
144
103
58
12
-33
-79
-122
-161
-196
-224
-247
-264
-273
-274
-266
-252
-230
-202
-169
-130
-89
-44
0
47
92
134
173
205
233
254
269
276
275
265
247
223
193
157
116
73
27
-18
-64
-108
-149
-186
-216
-242
-259
-271
-275
-271
-258
-239
-213
-181
-144
-103
-59
-13
31
76
119
159
196
226
248
264
273
275
268
255
233
204
170
131
88
43
-2
-49
-94
-135
-173
-207
-235
-256
-265
-271
-269
-261
-245
-222
-192
-157
-119
-76
-32
13
59
101
142
180
210
237
258
270
273
270
261
242
215
183
145
103
59
13
-33
-79
-124
-163
-198
-227
-250
-266
-275
-276
-268
-253
-232
-204
-170
-131
-89
-44
0
45
90
134
173
207
234
254
269
276
274
266
249
224
194
158
118
74
28
-18
-63
-107
-148
-186
-217
-243
-261
-272
-275
-271
-260
-240
-214
-182
-145
-104
-60
-14
30
76
119
158
194
224
248
265
273
275
269
255
233
205
170
132
89
44
-2
-49
-94
-135
-174
-206
-234
-255
-269
-275
-273
-264
-247
-223
-193
-157
-117
-74
-30
15
61
107
147
182
213
239
259
271
275
272
259
240
214
182
145
103
59
13
-31
-77
-121
-161
-197
-225
-248
-264
-273
-274
-267
-253
-231
-203
-169
-131
-89
-44
1
46
90
132
170
204
233
253
268
273
272
264
247
224
193
158
118
74
28
-18
-63
-107
-146
-184
-216
-242
-261
-271
-275
-271
-259
-240
-214
-181
-144
-104
-60
-14
31
76
120
158
194
224
248
265
275
275
268
253
232
204
170
131
89
45
0
-46
-93
-135
-172
-204
-232
-254
-268
-274
-273
-263
-246
-223
-193
-157
-117
-74
-30
15
61
105
147
184
215
241
259
271
275
272
260
240
214
182
145
104
60
14
-31
-76
-120
-159
-195
-225
-248
-263
-272
-273
-268
-253
-232
-204
-170
-131
-89
-44
1
47
91
132
171
205
233
255
269
275
273
261
239
206
166
124
82
42
3
-36
-75
-114
-148
-178
-206
-230
-250
-267
-276
-278
-275
-267
-253
-234
-208
-177
-143
-105
-65
-21
22
67
109
147
183
216
245
270
285
288
279
256
223
182
136
90
45
2
-39
-80
-118
-156
-189
-218
-245
-268
-284
-295
-298
-294
-284
-268
-246
-218
-183
-144
-102
-56
-7
45
101
156
207
252
286
307
314
309
293
267
233
193
148
101
54
10
-33
-74
-116
-155
-193
-228
-258
-283
-304
-319
-330
-333
-329
-319
-303
-280
-251
-216
-176
-132
-85
-35
18
76
135
196
251
296
331
350
354
347
327
297
257
210
157
103
50
-1
-51
-99
-144
-188
-228
-266
-299
-329
-351
-367
-377
-379
-375
-363
-343
-318
-284
-244
-198
-148
-93
-35
25
91
159
228
292
345
383
404
406
395
371
335
288
232
169
101
31
-39
-107
-174
-235
-289
-333
-368
-396
-416
-431
-437
-437
-429
-413
-392
-362
-327
-285
-237
-184
-128
-68
-5
61
131
203
272
336
392
434
460
473
470
454
426
386
337
278
211
139
64
-11
-87
-162
-233
-297
-354
-402
-441
-470
-491
-503
-509
-507
-500
-483
-460
-427
-387
-340
-287
-229
-167
-101
-33
37
111
188
264
337
402
455
494
518
525
517
494
458
410
353
288
216
140
61
-17
-96
-171
-243
-308
-366
-415
-455
-485
-506
-519
-524
-522
-512
-496
-472
-441
-403
-359
-310
-255
-195
-133
-67
0
71
145
222
297
367
427
475
507
523
523
508
479
437
385
324
256
183
106
28
-50
-127
-200
-268
-330
-385
-430
-466
-493
-511
-521
-524
-520
-509
-491
-466
-434
-396
-352
-302
-247
-188
-126
-61
5
75
149
224
298
367
426
473
506
522
524
510
483
444
395
337
271
200
126
49
-27
-102
-175
-244
-307
-363
-412
-451
-481
-503
-516
-523
-523
-516
-503
-483
-456
-423
-384
-339
-290
-235
-177
-116
-53
12
81
153
227
299
366
424
470
503
521
524
514
491
456
411
357
296
229
158
85
10
-63
-136
-205
-269
-328
-380
-424
-460
-487
-506
-518
-524
-523
-515
-502
-482
-456
-425
-387
-344
-296
-244
-188
-130
-69
-6
59
128
199
271
338
399
449
488
513
524
522
507
481
443
397
343
282
216
147
75
2
-69
-139
-206
-269
-326
-377
-421
-456
-483
-503
-516
-523
-524
-518
-507
-491
-468
-439
-406
-366
-322
-274
-222
-167
-110
-50
11
76
144
213
283
348
406
454
490
514
524
522
507
482
446
402
350
291
227
160
90
20
-50
-119
-185
-248
-306
-358
-404
-441
-471
-494
-510
-520
-524
-522
-515
-503
-485
-461
-433
-399
-360
-317
-269
-219
-165
-110
-52
7
70
136
204
272
337
395
444
483
509
523
524
514
492
461
421
373
319
259
195
128
60
-9
-77
-143
-207
-266
-321
-370
-413
-447
-475
-496
-511
-520
-524
-522
-516
-504
-487
-465
-437
-405
-368
-328
-283
-235
-184
-131
-76
-18
41
104
169
236
301
362
416
460
493
515
524
522
510
487
454
414
366
313
254
192
126
59
-7
-73
-138
-200
-259
-313
-362
-404
-439
-468
-490
-506
-517
-523
-524
-520
-511
-497
-478
-455
-427
-394
-357
-317
-273
-226
-176
-125
-71
-15
42
103
167
232
296
356
409
453
488
511
523
524
515
495
467
431
388
338
283
224
162
98
33
-31
-96
-158
-217
-273
-324
-370
-410
-443
-470
-491
-507
-517
-523
-524
-520
-513
-500
-483
-461
-435
-405
-371
-333
-292
-248
-201
-153
-102
-50
4
62
122
185
248
310
367
417
459
491
512
523
524
515
496
469
434
393
346
293
237
177
115
52
-11
-73
-134
-193
-249
-301
-348
-390
-425
-454
-478
-497
-510
-519
-523
-524
-520
-511
-499
-482
-462
-437
-408
-375
-339
-300
-258
-214
-167
-119
-69
-17
37
95
154
216
277
336
388
434
471
499
517
525
523
512
492
465
430
389
343
292
237
179
119
58
-2
-63
-123
-181
-236
-287
-334
-376
-412
-443
-468
-488
-503
-514
-521
-524
-523
-518
-509
-496
-479
-458
-434
-406
-374
-340
-302
-262
-219
-175
-129
-81
-31
20
75
133
192
252
311
365
413
453
485
508
521
525
520
507
485
457
422
382
336
286
233
176
118
58
-2594
-307
1981
4209
6325
8263
9968
11388
12485
13238
13619
13612
13217
12444
11326
9897
8180
6226
4094
1844
-453
-2731
-4934
-7000
-8870
-10487
-11804
-12786
-13413
-13661
-13519
-12995
-12100
-10866
-9337
-7542
-5527
-3354
-1084
1211
3467
5626
7630
9418
10940
12147
13018
13525
13645
13378
12729
11722
10395
8770
6890
4812
2595
308
-1982
-4214
-6332
-8272
-9979
-11399
-12496
-13243
-13620
-13609
-13210
-12435
-11310
-9876
-8166
-6217
-4089
-1844
451
2726
4923
6986
8852
10467
11784
12768
13401
13654
13519
12998
12107
10886
9359
7559
5541
3365
1090
-1208
-3467
-5633
-7642
-9435
-10960
-12170
-13039
-13544
-13664
-13397
-12748
-11737
-10401
-8781
-6906
-4833
-2619
-333
1958
4189
6304
8244
9951
11375
12475
13232
13615
13610
13218
12450
11333
9907
8193
6243
4113
1867
-430
-2708
-4912
-6981
-8852
-10472
-11792
-12779
-13411
-13664
-13529
-13009
-12118
-10889
-9362
-7568
-5554
-3382
-1112
1184
3441
5604
7610
9404
10928
12140
13014
13526
13654
13394
12751
11751
10430
8811
6935
4861
2647
359
-1931
-4166
-6288
-8236
-9949
-11379
-12483
-13240
-13626
-13622
-13233
-12467
-11348
-9920
-8213
-6267
-4140
-1895
402
2680
4880
6947
8820
10443
11767
12760
13400
13660
13531
13016
12132
10915
9394
7598
5585
3409
1138
-1159
-3420
-5588
-7599
-9398
-10927
-12145
-13021
-13535
-13665
-13406
-12766
-11761
-10435
-8823
-6956
-4886
-2678
-391
1898
4130
6249
8194
9908
11340
12450
13216
13612
13620
13242
12484
11382
9967
8267
6328
4207
1964
-330
-2610
-4818
-6894
-8776
-10410
-11745
-12747
-13397
-13666
-13548
-13044
-12168
-10948
-9432
-7645
-5637
-3467
-1199
1101
3363
5531
7547
9350
10886
12111
12998
13524
13664
13416
12786
11794
10481
8868
6998
4927
2716
428
-1864
-4102
-6230
-8181
-9902
-11338
-12452
-13218
-13614
-13622
-13244
-12488
-11379
-9959
-8260
-6320
-4199
-1956
339
2619
4824
6896
8775
10405
11738
12737
13386
13654
13534
13028
12151
10939
9423
7632
5623
3451
1181
-1115
-3374
-5542
-7556
-9356
-10892
-12114
-12997
-13519
-13655
-13404
-12772
-11775
-10454
-8845
-6978
-4909
-2699
-412
1881
4116
6239
8187
9905
11337
12449
13215
13609
13615
13233
12474
11367
9949
8241
6296
4169
1924
-371
-2649
-4855
-6927
-8805
-10431
-11760
-12754
-13395
-13657
-13530
-13019
-12135
-10913
-9393
-7606
-5597
-3428
-1158
1139
3398
5563
7573
9372
10904
12124
13006
13526
13661
13407
12769
11772
10452
8836
6963
4891
2677
390
-1902
-4138
-6260
-8207
-9922
-11354
-12462
-13223
-13615
-13619
-13237
-12478
-11365
-9943
-8243
-6301
-4179
-1937
360
2640
4845
6917
8794
10422
11750
12749
13396
13661
13538
13030
12149
10936
9417
7623
5611
3439
1168
-1128
-3389
-5559
-7573
-9374
-10907
-12127
-13006
-13524
-13658
-13405
-12769
-11772
-10447
-8837
-6969
-4901
-2691
-405
1885
4118
6239
8187
9904
11339
12451
13218
13614
13621
13241
12484
11378
9961
8254
6309
4183
1935
-362
-2641
-4847
-6920
-8798
-10428
-11758
-12755
-13398
-13663
-13540
-13032
-12153
-10935
-9421
-7638
-5633
-3465
-1199
1099
3359
5527
7541
9345
10881
12108
12996
13524
13666
13418
12787
11795
10477
8730
6553
4052
1297
-1607
-4555
-7447
-10191
-12707
-14926
-16791
-18254
-19280
-19845
-19957
-19631
-18879
-17726
-16200
-14353
-12229
-9866
-7324
-4667
-1954
750
3384
5882
8194
10267
12050
13506
14598
15305
15620
15510
14952
13935
12460
10544
8216
5534
2607
-488
-3638
-6738
-9690
-12408
-14818
-16862
-18491
-19666
-20357
-20560
-20297
-19587
-18456
-16937
-15070
-12917
-10520
-7936
-5234
-2475
274
2953
5496
7867
10028
11932
13536
14788
15639
16031
15947
15346
14165
12386
10029
7155
3869
325
-3334
-6985
-10519
-13838
-16861
-19512
-21737
-23487
-24726
-25428
-25609
-25288
-24485
-23225
-21543
-19477
-17086
-14419
-11537
-8507
-5394
-2266
813
3779
6575
9170
11520
13583
15310
16656
17561
17974
17880
17257
16040
14201
11759
8767
5312
1528
-2414
-6377
-10234
-13880
-17219
-20175
-22681
-24687
-26149
-27044
-27374
-27166
-26446
-25240
-23586
-21522
-19103
-16388
-13433
-10313
-7096
-3851
-642
2463
5402
8142
10641
12860
14749
16250
17293
17835
17865
17388
16345
14695
12440
9625
6323
2630
-1345
-5481
-9653
-13734
-17601
-21150
-24295
-26940
-29005
-30427
-31175
-31236
-30618
-29343
-27447
-24977
-22024
-18704
-15111
-11334
-7453
-3548
306
4033
7588
10926
13996
16746
19114
21012
22390
23220
23493
23232
22429
21035
19029
16426
13270
9630
5590
1250
-3283
-7894
-12467
-16884
-21035
-24823
-28180
-31042
-32768
-32768
-32768
-32768
-32768
-32768
-32252
-29682
-26566
-23034
-19196
-15147
-10977
-6766
-2595
1457
5327
8978
12369
15451
18175
20449
22207
23420
24080
24195
23790
22868
21387
19319
16675
13493
9838
5790
1444
-3094
-7718
-12314
-16771
-20980
-24842
-28273
-31224
-32768
-32768
-32768
-32768
-32768
-32768
-32768
-31124
-28138
-24697
-20923
-16924
-12786
-8601
-4442
-388
3490
7148
10553
13674
16469
18885
20831
22265
23167
23542
23408
22788
21662
19983
17736
14939
11640
7906
3822
-518
-5011
-9550
-14024
-18326
-22355
-26020
-29250
-31995
-32768
-32768
-32768
-32768
-32768
-32768
-32768
-30490
-27437
-23963
-20196
-16222
-12130
-7998
-3904
83
3892
7483
10831
13904
16662
19050
20979
22410
23324
23729
23644
23087
22037
20447
18299
15609
12416
8784
4790
524
-3917
-8433
-12918
-17270
-21389
-25184
-28579
-31529
-32768
-32768
-32768
-32768
-32768
-32768
-32768
-32768
-30087
-26880
-23315
-19485
-15480
-11374
-7246
-3165
798
4585
8163
11507
14584
17354
19756
21707
23168
24127
24586
24572
24096
23141
21662
19634
17067
13994
10470
6566
2364
-2045
-6569
-11110
-15568
-19847
-23855
-27513
-30763
-32768
-32768
-32768
-32768
-32768
-32768
-32768
-32768
-32768
-30921
-27685
-24107
-20276
-16276
-12175
-8045
-3950
42
3869
7502
10915
14082
16965
19519
21658
23332
24523
25223
25453
25230
24559
23399
21713
19488
16743
13519
9872
5874
1605
-2850
-7401
-11956
-16418
-20698
-24708
-28375
-31650
-32768
-32768
-32768
-32768
-32768
-32768
-32768
-32768
-32768
-32768
-29821
-26360
-22630
-18703
-14654
-10547
-6449
-2417
1486
5213
8746
12062
15130
17918
20374
22413
23998
25111
25756
25950
25708
25035
23885
22219
20027
17324
14148
10555
6609
2387
-2029
-6558
-11109
-15592
-19921
-24012
-27791
-31205
-32768
-32768
-32768
-32768
-32768
-32768
-32768
-32768
-32768
-32768
-32706
-29510
-25996
-22242
-18321
-14298
-10234
-6187
-2214
1631
5305
8791
12072
15122
17908
20383
22468
24117
25317
26064
26373
26263
25736
24757
23282
21293
18800
15832
12433
8661
4585
278
-4180
-8709
-13221
-17635
-21867
-25844
-29501
-32768
-32768
-32768
-32768
-32768
-32768
-32768
-32768
-32768
-32768
-32768
-32768
-30419
-26966
-23276
-19423
-15463
-11457
-7454
-3508
333
4020
7537
10871
13996
16884
19501
21782
23662
25114
26130
26718
26895
26667
26033
24942
23360
21275
18702
15672
12231
8438
4355
55
-4389
-8898
-13392
-17791
-22020
-26008
-29694
-32768
-32768
-32768
-32768
-32768
-32768
-32768
-32768
-32768
-32768
-32768
-32768
-32768
-29669
-26150
-22439
-18591
-14663
-10701
-6755
-2874
895
4511
7970
11252
14340
17204
19810
22098
24001
25496
26571
27238
27508
27389
26882
25942
24526
22620
20230
17383
14120
10491
6554
2371
-1989
-6454
-10947
-15394
-19721
-23862
-27752
-31340
-32768
-32768
-32768
-32768
-32768
-32768
-32768
-32768
-32768
-32768
-32768
-32768
-32768
-31133
-27708
-24091
-20329
-16473
-12570
-8663
-4800
-1025
2617
6116
9462
12641
15626
18386
20889
23063
24863
26268
27270
27884
28121
27988
27479
26542
25139
23256
20903
18104
14900
11337
7467
3346
-960
-5381
-9847
-14288
-18639
-22834
-26812
-30517
-32768
-32768
-32768
-32768
-32768
-32768
-32768
-32768
-32768
-32768
-32768
-32768
-32768
-32768
-31714
-28334
-24770
-21066
-17272
-13428
-9581
-5771
-2034
1589
5083
8438
11641
14666
17491
20092
22421
24409
26029
27263
28116
28605
28737
28519
27921
26892
25405
23452
21047
18214
14992
11427
7570
3478
-789
-5173
-9609
-14031
-18375
-22575
-26575
-30322
-32768
-32768
-32768
-32768
-32768
-32768
-32768
-32768
-32768
-32768
-32768
-32768
-32768
-32768
-32768
-31823
-28457
-24929
-21277
-17546
-13770
-9988
-6239
-2555
1024
4480
7811
11004
14040
16895
19547
21961
24070
25838
27242
28279
28961
29301
29304
28967
28237
27074
25460
23396
20899
18000
14735
11148
7287
3206
-1039
-5392
-9781
-13476
-13722
-13583
-13072
-12194
-10973
-9439
-7639
-5628
-3470
-1212
1084
3348
5516
7524
9318
10850
12074
12953
13458
13578
13319
12685
11687
10354
8725
6844
4774
2574
292
-1999
-4240
-6359
-8298
-10004
-11431
-12541
-13295
-13673
-13664
-13278
-12523
-11413
-9981
-8264
-6319
-4206
-1974
316
2598
4803
6871
8740
10363
11693
12688
13319
13567
13435
12927
12048
10823
9287
7485
5471
3310
1050
-1245
-3509
-5676
-7680
-9470
-10995
-12215
-13090
-13594
-13713
-13451
-12820
-11824
-10495
-8868
-6991
-4929
-2733
-457
1833
4072
6194
8138
9850
11286
12400
13159
13538
13533
13154
12398
11287
9853
8134
6183
4063
1830
-463
-2746
-4954
-7023
-8892
-10514
-11841
-12838
-13471
-13721
-13587
-13080
-12207
-10987
-9458
-7659
-5650
-3493
-1233
1060
3325
5492
7502
9298
10832
12059
12940
13449
13573
13318
12689
11695
10368
8742
6865
4796
2596
316
-1978
-4217
-6339
-8282
-9992
-11426
-12539
-13300
-13681
-13676
-13295
-12544
-11438
-10008
-8296
-6351
-4239
-2010
279
2560
4768
6836
8710
10338
11674
12678
13319
13576
13451
12952
12081
10863
9335
7537
5527
3367
1106
-1192
-3461
-5632
-7644
-9438
-10971
-12199
-13083
-13596
-13723
-13470
-12845
-11856
-10533
-8910
-7037
-4975
-2781
-504
1789
4030
6155
8102
9820
11261
12380
13146
13532
13536
13163
12415
11311
9883
8170
6223
4108
1878
-413
-2697
-4908
-6979
-8854
-10480
-11816
-12821
-13463
-13723
-13599
-13103
-12240
-11031
-9510
-7719
-5717
-3564
-1311
982
3246
5416
7432
9234
10778
12016
12912
13436
13575
13339
12727
11750
10436
8823
6954
4891
2695
413
-1882
-4128
-6258
-8212
-9935
-11381
-12510
-13284
-13681
-13691
-13321
-12584
-11488
-10069
-8363
-6424
-4316
-2086
203
2489
4701
6777
8659
10296
11643
12657
13308
13576
13460
12970
12107
10900
9378
7589
5583
3426
1169
-1129
-3396
-5571
-7586
-9389
-10929
-12166
-13062
-13585
-13723
-13479
-12864
-11886
-10569
-8955
-7087
-5028
-2834
-556
1737
3981
6108
8060
9782
11228
12354
13126
13520
13530
13165
12424
11327
9907
8202
6262
4151
1922
-368
-2654
-4865
-6941
-8820
-10452
-11794
-12804
-13453
-13718
-13598
-13103
-12240
-11029
-9506
-7713
-5709
-3556
-1299
997
3264
5436
7450
9253
10794
12028
12918
13436
13571
13326
12707
11721
10400
8779
6906
4843
2646
369
-1924
-4167
-6292
-8241
-9956
-11395
-12516
-13284
-13674
-13677
-13305
-12563
-11465
-10041
-8333
-6390
-4279
-2050
241
2525
4735
6810
8688
10322
11662
12670
13314
13574
13453
12958
12092
10880
9357
7563
5555
3399
1141
-1153
-3419
-5589
-7603
-9404
-10942
-12178
-13068
-13590
-13725
-13476
-12858
-11876
-10558
-8939
-7069
-5009
-2813
-535
1759
4001
6128
8078
9799
11245
12369
13140
13531
13538
13169
12425
11325
9900
8193
6251
4137
1907
-385
-2669
-4881
-6953
-8829
-10459
-11798
-12808
-13454
-13718
-13597
-13103
-12242
-11032
-9512
-7721
-5720
-3566
-1308
988
3257
5430
7447
9251
10794
12031
12924
13445
13580
13338
12720
11737
10418
8799
6928
4865
2671
394
-1899
-4141
-6268
-8217
-9936
-11378
-12503
-13277
-13673
-13684
-13317
-12581
-11487
-10068
-8363
-6423
-4316
-2088
201
2486
4700
6777
8707
10586
12318
13806
14948
15672
15933
15708
15000
13829
12235
10266
7980
5437
2715
-88
-2889
-5613
-8194
-10567
-12682
-14489
-15955
-17045
-17739
-18023
-17891
-17353
-16433
-15153
-13545
-11653
-9525
-7213
-4779
-2278
265
2822
5346
7783
10066
12113
13845
15203
16114
16537
16450
15853
14767
13230
11292
9011
6449
3677
791
-2108
-4937
-7624
-10101
-12313
-14212
-15756
-16918
-17670
-18003
-17911
-17402
-16498
-15198
-13484
-11366
-8867
-6032
-2919
393
3793
7180
10460
13520
16245
18525
20280
21476
22091
22120
21571
20466
18841
16747
14240
11386
8254
4925
1513
-1889
-5199
-8348
-11267
-13899
-16194
-18111
-19616
-20684
-21302
-21461
-21167
-20435
-19287
-17705
-15678
-13222
-10365
-7159
-3689
-66
3617
7289
10854
14197
17198
19743
21744
23159
23969
24156
23725
22695
21103
18998
16442
13500
10247
6759
3155
-459
-3992
-7367
-10515
-13372
-15888
-18012
-19714
-20962
-21743
-22050
-21886
-21268
-20217
-18725
-16766
-14344
-11485
-8246
-4751
-1114
2577
6258
9853
13257
16348
19009
21154
22699
23577
23747
23187
21901
19916
17288
14122
10561
6707
2667
-1454
-5558
-9551
-13346
-16862
-20025
-22779
-25072
-26873
-28153
-28902
-29111
-28788
-27955
-26611
-24728
-22301
-19350
-15914
-12109
-8069
-3896
327
4539
8684
12687
16453
19881
22871
25334
27194
28391
28883
28644
27670
25974
23590
20571
16994
12984
8680
4183
-399
-4964
-9407
-13640
-17572
-21132
-24252
-26888
-28996
-30558
-31558
-31995
-31876
-31219
-30048
-28340
-26071
-23248
-19899
-16112
-12041
-7809
-3503
805
5064
9229
13236
16998
20421
23410
25880
27758
28985
29519
29336
28430
26810
24506
21566
18055
14062
9742
5218
589
-4032
-8546
-12850
-16866
-20511
-23731
-26468
-28690
-30367
-31493
-32061
-32085
-31581
-30582
-29096
-27087
-24549
-21492
-17956
-14064
-9964
-5760
-1530
2667
6792
10804
14632
18188
21378
24113
26315
27916
28868
29134
28697
27557
25730
23250
20169
16554
12501
8174
3673
-891
-5426
-9826
-14004
-17877
-21379
-24449
-27042
-29124
-30682
-31698
-32179
-32130
-31575
-30542
-29034
-27015
-24477
-21432
-17921
-14069
-10017
-5861
-1676
2484
6582
10579
14408
17986
21223
24032
26335
28066
29173
29619
29384
28461
26862
24614
21760
18361
14495
10298
5890
1368
-3173
-7634
-11931
-15978
-19708
-23053
-25969
-28409
-30353
-31779
-32684
-32768
-32768
-32308
-31224
-29666
-27599
-25018
-21935
-18397
-14534
-10474
-6311
-2113
2067
6195
10235
14127
17792
21145
24104
26590
28538
29894
30616
30680
30074
28801
26878
24341
21237
17631
13611
9317
4850
299
-4238
-8684
-12948
-16964
-20660
-23984
-26883
-29323
-31278
-32735
-32768
-32768
-32768
-32768
-32548
-31107
-29173
-26734
-23799
-20396
-16625
-12622
-8487
-4291
-89
4079
8186
12188
16018
19597
22845
25683
28041
29859
31090
31697
31659
30967
29626
27654
25085
21966
18360
14345
10061
5603
1063
-3477
-7937
-12235
-16307
-20085
-23519
-26557
-29162
-31305
-32768
-32768
-32768
-32768
-32768
-32768
-32768
-31311
-29226
-26651
-23599
-20105
-16282
-12259
-8123
-3938
244
4392
8482
12469
16292
19873
23136
26005
28413
30301
31623
32343
32440
31903
30732
28942
26560
23628
20200
16343
12175
7808
3328
-1188
-5661
-10020
-14193
-18116
-21740
-25010
-27889
-30340
-32345
-32768
-32768
-32768
-32768
-32768
-32768
-32768
-31928
-29875
-27346
-24352
-20923
-17160
-13189
-9099
-4953
-798
3332
7416
11419
15284
18942
22321
25348
27955
30081
31679
32709
32767
32767
32167
30760
28762
26204
23126
19590
15664
11475
7121
2674
-1793
-6208
-10503
-14611
-18482
-22059
-25304
-28176
-30641
-32681
-32768
-32768
-32768
-32768
-32768
-32768
-32768
-32768
-31400
-29093
-26331
-23126
-19539
-15692
-11688
-7598
-3473
646
4739
8781
12733
16539
20128
23433
26382
28911
30964
32503
32767
32767
32767
32767
31565
29619
27128
24130
20680
16845
12738
8464
4084
-334
-4723
-9022
-13162
-17098
-20773
-24153
-27193
-29861
-32135
-32768
-32768
-32768
-32768
-32768
-32768
-32768
-32768
-32768
-31966
-29658
-26905
-23725
-20174
-16368
-12406
-8352
-4259
-163
3912
7950
11916
15760
19418
22823
25908
28599
30846
32617
32767
32767
32767
32767
32767
31742
29628
26996
23887
20364
16491
12392
8145
3805
-560
-4897
-9140
-13232
-17130
-20786
-24167
-27231
-29944
-32281
-32768
-32768
-32768
-32768
-32768
-32768
-32768
-32768
-32768
-32768
-31859
-29407
-26530
-23251
-19642
-15818
-11858
-7820
-3753
312
4358
8368
12312
16138
19787
23193
26286
28993
31278
32767
32767
32767
32767
32767
32767
32767
31225
28808
25914
22600
18920
14971
10852
6615
2317
-1982
-6230
-10369
-14359
-18159
-21728
-25027
-28015
-30666
-32768
-32768
-32768
-32768
-32768
-32768
-32768
-32768
-32768
-32768
-32768
-32768
-31123
-28450
-25378
-21942
-18243
-14380
-10416
-6403
-2374
1651
5661
9637
13538
17312
20900
24240
27254
29893
32123
32767
32767
32767
32767
32767
32767
32767
32365
30071
27312
24136
20594
16763
12750
8613
4400
166
-4046
-8187
-12206
-16070
-19732
-23163
-26327
-29192
-31734
-32768
-32768
-32768
-32768
-32768
-32768
-32768
-32768
-32768
-32768
-32768
-32768
-32479
-29952
-27037
-23751
-20173
-16405
-12516
-8557
-4568
-575
3410
7378
11304
15144
18846
22351
25580
28477
31007
32767
32767
32767
32767
32767
32767
8191
8195
8194
8190
8190
8189
8192
8191
8190
8190
8189
8189
8191
8191
8193
8192
8192
8191
8190
8193
8192
8195
8194
8190
8190
8192
8192
8194
8196
8196
8195
8191
8194
8193
8195
8195
8194
8193
8193
8192
8194
8194
8193
8192
8192
8191
8191
8193
8192
8195
8191
8190
8190
8192
8192
8194
8193
8193
8192
8192
8194
8193
8196
8195
8194
8194
8193
8195
8195
8194
8193
8193
8192
8194
8194
8196
8192
8192
8191
8191
8193
8194
8193
8189
8189
8188
8191
8193
8192
8192
8191
8188
8190
8193
8192
8191
8191
8190
8189
8192
8194
8194
8193
8189
8189
8191
8194
8196
8195
8195
8194
8193
8193
8195
8194
8194
8193
8192
8192
8191
8194
8193
8192
8192
8191
8190
8193
8192
8195
8194
8190
8190
8192
8192
8194
8193
8193
8192
8191
8191
8193
8193
8195
8194
8194
8193
8192
8195
8194
8193
8193
8192
8191
8194
8193
8196
8192
8191
8191
8190
8192
8193
8192
8192
8188
8188
8190
8193
8192
8191
8188
8187
8190
8189
8191
8191
8190
8190
8189
8192
8191
8193
8193
8189
8189
8191
8193
8193
8195
8194
8191
8190
8190
8192
8194
8194
8193
8189
8189
8191
8194
8193
8192
8192
8188
8191
8190
8192
8192
8191
8191
8190
8189
8189
8191
8191
8190
8190
8189
8200
8200
8202
8201
8200
8199
8199
8198
8200
8199
8199
8198
8197
8199
8199
8198
8200
8199
8196
8195
8197
8197
8188
8188
8187
8184
8186
8186
8188
8188
8187
8187
8183
8186
8185
8188
8187
8186
8186
8185
8188
8190
8190
8189
8186
8185
8188
8187
8190
8192
8191
8188
8187
8187
8189
8192
8191
8190
8190
8186
8189
8191
8191
8190
8189
8189
8188
8188
8190
8190
8189
8188
8188
8187
8190
8189
8192
8191
8187
8190
8189
8192
8191
8191
8190
8189
8192
8191
8191
8193
8192
8192
8191
8191
8193
8192
8192
8191
8190
8190
8189
8192
8192
8192
8188
8188
8187
8189
8189
8191
8191
8190
8190
8189
8192
8191
8190
8190
8189
8189
8191
8190
8193
8192
8192
8188
8190
8193
8195
8195
8194
8193
8193
8192
8194
8194
8196
8192
8192
8191
8191
8193
8195
8195
8191
8190
8190
8192
8192
8194
8193
8193
8192
8192
8191
8193
8193
8192
8191
8191
8190
8193
8195
8194
8194
8193
8192
8195
8194
8196
8196
8195
8194
8194
8196
8195
8195
8194
8191
8190
8192
8192
8195
8192
8191
8190
8190
8192
8192
8191
8190
8190
8189
8189
8191
8193
8193
8192
8192
8191
8190
8193
8192
8192
8191
8190
8190
8192
8194
8197
8196
8192
8192
8191
8194
8196
8195
8194
8191
8190
8193
8195
8194
8194
8193
8192
8192
8191
8194
8193
8192
8192
8191
8190
8193
8192
8192
8191
8190
8190
8192
8192
8194
8193
8193
8192
8191
8194
8196
8195
8195
8194
8193
8193
8195
8194
8194
8193
8193
8192
8191
8194
8194
8194
8190
8189
8189
8191
8191
8190
8190
8189
8188
8188
8190
8193
8192
8191
8191
8190
8190
8192
8191
8191
8184
8181
8177
8183
8189
8194
8196
8193
8189
8183
8182
8185
8184
8184
8183
8180
8179
8182
8185
8184
8181
8174
8171
8174
8177
8176
8179
8175
8172
8169
8169
8172
8171
8171
8168
8162
8159
8159
8159
8159
8156
8153
8153
8156
8156
8159
8156
8153
8150
8145
8145
8145
8142
8140
8137
8135
8135
8135
8136
8135
8129
8124
8121
8122
8123
8123
8121
8116
8111
8109
8107
8105
8103
8101
8099
8100
8098
8099
8094
8090
8085
8080
8082
8083
8085
8086
8082
8077
8073
8068
8067
8066
8064
8063
8059
8058
8057
8056
8052
8051
8047
8046
8042
8041
8040
8040
8036
8032
8029
8022
8019
8018
8015
8015
8017
8014
8014
8008
8001
7998
7995
7992
7996
7996
7996
7993
7990
7987
7984
7979
7976
7970
7971
7969
7966
7967
7964
7962
7960
7954
7952
7951
7949
7947
7945
7943
7941
7937
7932
7927
7922
7918
7916
7915
7919
7918
7916
7912
7908
7900
7896
7892
7891
7887
7886
7883
7879
7875
7874
7877
7873
7872
7866
7862
7859
7856
7855
7852
7849
7846
7843
7842
7842
7839
7836
7830
7828
7822
7819
7817
7814
7809
7806
7807
7804
7805
7803
7800
7795
7787
7782
7780
7778
7776
7774
7770
7765
7760
7759
7757
7756
7755
7753
7752
7750
7749
7745
7738
7734
7727
7726
7722
7721
7720
7719
7716
7712
7710
7706
7700
7693
7687
7681
7678
7678
7678
7678
7678
7675
7672
7666
7660
7658
7652
7647
7641
7639
7637
7635
7633
7624
7619
7615
7610
7611
7615
7617
7615
7607
7599
7589
7585
7584
7582
7581
7577
7573
7572
7568
7567
7563
7556
7550
7543
7537
7533
7530
7527
7524
7521
7518
7518
7512
7509
7503
7495
7489
7481
7478
7476
7471
7469
7461
7456
7451
7447
7442
7437
7436
7437
7436
7435
7430
7420
7413
7406
7402
7398
7394
7391
7390
7387
7383
7380
7376
7370
7365
7356
7347
7341
7336
7333
7334
7331
7332
7326
7324
7319
7310
7305
7297
7290
7285
7280
7279
7274
7273
7266
7258
7251
7244
7244
7240
7242
7241
7240
7234
7227
7221
7214
7208
7205
7202
7199
7199
7196
7193
7187
7184
7179
7176
7170
7165
7160
7151
7146
7141
7142
7141
7139
7134
7129
7121
7117
7112
7108
7101
7094
7090
7086
7085
7081
7074
7068
7058
7055
7052
7051
7051
7051
7048
7045
7039
7033
7027
7021
7015
7010
7007
7005
7006
7003
7001
6999
6994
6988
6983
6978
6974
6966
6960
6952
6948
6949
6948
6950
6946
6941
6934
6930
6926
6919
6913
6906
6900
6899
6896
6896
6889
6883
6874
6868
6862
6863
6860
6860
6858
6855
6853
6847
6842
6837
6831
6826
6821
6819
6818
6819
6817
6815
6810
6806
6801
6796
6795
6791
6786
6779
6772
6765
6764
6763
6763
6759
6755
6748
6745
6738
6735
6729
6723
6717
6711
6708
6705
6702
6697
6691
6683
6675
6672
6670
6668
6666
6664
6665
6663
6658
6653
6646
6638
6634
6629
6628
6627
6623
6621
6617
6616
6615
6611
6607
6600
6597
6593
6586
6580
6573
6567
6564
6562
6562
6562
6559
6553
6547
6542
6539
6533
6525
6520
6514
6509
6507
6505
6500
6495
6488
6480
6476
6471
6467
6466
6464
6463
6462
6461
6454
6447
6440
6433
6430
6429
6428
6425
6421
6421
6418
6414
6411
6408
6405
6402
6399
6396
6390
6384
6375
6370
6367
6365
6366
6363
6361
6353
6348
6343
6338
6336
6328
6323
6316
6311
6307
6306
6302
6294
6287
6281
6274
6270
6270
6263
6260
6256
6256
6259
6255
6252
6243
6234
6228
6225
6225
6226
6220
6217
6212
6209
6210
6210
6208
6202
6194
6192
6190
6188
6186
6178
6167
6160
6158
6157
6158
6157
6152
6145
6142
6138
6137
6133
6123
6116
6106
6103
6102
6102
6098
6089
6080
6074
6071
6068
6066
6060
6054
6049
6049
6050
6053
6048
6040
6028
6023
6021
6023
6021
6019
6011
6003
6002
6003
6007
6006
6001
5994
5986
5985
5987
5989
5984
5977
5964
5957
5954
5956
5958
5958
5951
5941
5935
5935
5934
5931
5925
5916
5904
5901
5902
5902
5899
5891
5879
5871
5866
5867
5865
5860
5852
5842
5837
5842
5843
5844
5840
5829
5819
5815
5814
5816
5815
5811
5801
5797
5797
5799
5801
5797
5791
5784
5781
5780
5783
5782
5779
5770
5761
5755
5752
5752
5749
5743
5740
5735
5735
5736
5733
5728
5719
5711
5706
5704
5700
5695
5691
5683
5678
5674
5673
5668
5661
5654
5647
5643
5639
5635
5635
5631
5631
5630
5626
5623
5616
5610
5604
5601
5601
5601
5598
5595
5589
5586
5583
5584
5584
5581
5576
5573
5571
5571
5572
5569
5567
5558
5550
5542
5540
5541
5542
5541
5536
5531
5526
5522
5520
5519
5511
5504
5497
5493
5489
5488
5484
5477
5470
5464
5460
6610
8314
9458
10046
10871
11059
11332
10958
10034
9708
8254
6995
5594
3344
1584
153
-1918
-3689
-5340
-7108
-8498
-9372
-10279
-10537
-11090
-10912
-10524
-9571
-8774
-7587
-6074
-4551
-2701
-387
812
2670
4499
6096
7742
9207
9851
10613
11069
11073
11285
10361
9619
8818
7430
6119
4273
1928
640
-1181
-3056
-4715
-6515
-8185
-9174
-9934
-10615
-10787
-11129
-10565
-9856
-9017
-7912
-6692
-5106
-3298
-1092
532
2041
3828
5599
7110
8724
9633
10409
10955
11335
11139
10734
9794
9173
7930
6492
4917
2607
1106
-584
-2567
-4313
-5768
-7607
-8957
-9544
-10437
-10815
-10919
-10960
-10035
-9332
-8494
-6955
-5750
-3928
-1949
77
1437
3455
4969
6702
8062
9405
10074
10677
11133
11326
10934
10107
9468
8330
7101
5480
3598
1395
135
-1879
-3614
-5414
-7015
-8658
-9376
-10133
-10730
-10921
-11032
-10546
-9383
-8828
-7464
-6153
-4752
-2492
-435
910
2685
4506
5976
7792
9068
9756
10617
10852
11380
11138
10359
9624
8860
7557
6110
4073
2110
687
-1224
-3153
-4804
-6471
-8063
-9267
-10027
-10495
-11001
-10866
-10753
-9853
-9037
-8148
-6501
-5069
-3430
-1123
462
2065
3914
5488
7081
8679
9722
10317
10955
11146
11328
10634
9863
9213
7900
6684
4933
2799
1099
-443
-2474
-4085
-6064
-7657
-8928
-9569
-10363
-10767
-11200
-10772
-10203
-9143
-8449
-7164
-5580
-4006
-1799
49
1304
3109
4971
6383
8128
9387
9814
10679
11080
11114
11001
10006
9427
8505
7074
5709
3471
1586
245
-1758
-3663
-5248
-7149
-8616
-9414
-10324
-10653
-10970
-11166
-10497
-9598
-8845
-7474
-6241
-4613
-2798
-314
876
2758
4498
6138
7627
9200
9853
10563
11113
11233
11138
10568
9593
8914
7618
6118
4461
2060
806
-1115
-3029
-4829
-6375
-8130
-9131
-9811
-10733
-10900
-11150
-10725
-9802
-9112
-8070
-6604
-5201
-3159
-1214
489
1967
3991
5619
7199
8584
9651
10342
10855
11360
11111
10796
9793
9209
8092
6626
4964
2862
1103
-326
-2386
-4196
-5883
-7535
-9022
-9546
-10430
-10933
-10870
-11055
-10198
-9259
-8565
-6994
-5729
-4066
-1790
118
1415
3312
4949
6631
8315
9472
9909
10792
10987
11398
10886
10128
9541
8394
7127
5564
3574
1464
204
-1851
-3501
-5318
-6855
-8588
-9281
-10044
-10679
-11061
-10865
-10663
-9543
-8827
-7632
-6101
-4732
-2558
-389
861
2663
4616
6001
7767
9092
9732
10732
11063
11237
11278
10286
9646
8905
7505
6254
4203
2111
635
-1063
-3036
-4643
-6561
-7997
-9151
-9866
-10472
-10975
-11028
-10611
-9947
-9013
-8102
-6595
-5067
-3550
-1049
461
2045
3939
5578
7035
8814
9679
10291
10955
11144
11326
10798
9814
9285
7944
6519
5142
2657
1151
-470
-2451
-4249
-5696
-7606
-8909
-9542
-10458
-10624
-11013
-10815
-10267
-9168
-8398
-7071
-5717
-4002
-1992
143
1389
3294
4966
6542
8174
9476
10048
10745
11226
11185
11073
10101
9446
8468
7098
5599
3590
1444
202
-1692
-3543
-5231
-7035
-8521
-9303
-10134
-10797
-10872
-11101
-10402
-9522
-8847
-7580
-6199
-4585
-2567
-477
788
2756
4387
6159
7606
9062
9851
10635
10923
11378
11114
10595
9665
8837
7598
6155
4375
2058
5244
4143
996
-528
-2640
-4776
-6185
-7148
-7946
-8674
-9075
-9547
-9644
-9735
-8578
-7347
-6392
-4986
-3614
-1595
116
1298
3148
5050
6552
8394
9567
10982
11720
12422
13134
13314
13307
13081
11772
11829
11456
10637
9699
7918
6487
4352
644
-974
-3604
-5482
-7101
-8156
-9165
-9614
-10225
-10509
-10631
-10213
-8871
-7629
-6344
-4606
-3105
-397
955
2951
5172
6905
8869
10388
11924
12039
11815
11368
10329
8905
7330
5656
2384
1050
962
733
781
619
-201
-2595
-4662
-6539
-8041
-9332
-10012
-10998
-11282
-11847
-11969
-11984
-10922
-9437
-8314
-6658
-5060
-3397
-808
747
3064
5302
7406
9530
11139
12989
14295
14142
14030
13061
12161
10355
8254
6220
3581
1230
984
779
734
735
267
-1985
-4755
-6797
-8558
-10035
-11233
-12123
-13063
-13370
-14031
-13875
-13131
-11640
-9966
-8563
-6404
-4597
-2234
255
2341
5360
7576
10028
12100
13983
16008
15923
16130
15208
14058
12253
9679
7465
4935
1730
1051
870
733
666
689
641
620
642
620
620
520
136
-640
-204
-297
-315
-253
-296
-75
-151
133
90
1922
4403
6598
9096
11050
13318
15032
16756
17278
17303
17082
16023
14872
12614
10108
8075
6245
3286
1300
1029
870
757
689
689
596
689
713
644
689
667
591
364
-601
-1133
-407
-455
-591
-361
-507
-252
-362
28
1090
3985
6930
9361
12194
14369
16815
18845
20676
20985
20695
20018
18620
16904
13585
11168
8931
6808
3985
1524
1027
962
780
666
689
619
713
643
667
713
689
593
512
-39
-897
-1051
-502
-405
-545
-427
-410
-361
-231
-73
2663
5251
8258
10692
13560
15899
18406
20556
21680
22068
21374
20630
18800
16453
13202
10873
8594
6018
3151
1322
1028
848
781
688
666
596
666
713
596
690
643
567
436
-217
-1020
-760
-491
-549
-435
-470
-436
-213
-300
404
2961
6215
8429
11354
13732
16292
18484
20843
21815
21865
21394
20266
18916
16229
13156
10898
8527
5927
3266
1367
981
800
711
665
642
735
759
736
690
713
643
593
557
100
-956
-1226
-373
-498
-432
-519
-481
-360
-263
-73
1035
4437
6718
9563
11772
14501
16665
18984
21052
21704
21823
21238
20111
18574
15844
13066
10692
8480
5814
3399
1342
1004
939
757
642
735
597
620
736
620
574
643
735
496
503
-538
-924
-665
-480
-398
-514
-385
-531
-199
-348
20
1620
4556
7004
9636
12153
14501
16673
18767
21106
21701
22116
21393
20698
19160
17154
13993
11596
9656
7057
4663
1861
1256
867
872
733
688
713
596
620
713
620
689
666
666
587
384
-504
-851
-880
-360
-594
-463
-534
-368
-486
-214
-221
806
3388
6342
8419
11247
13344
15987
17896
20223
22054
22246
22137
21669
20517
19093
16586
13628
11414
9272
6762
4395
1725
1139
913
848
781
735
735
713
736
713
642
620
689
735
592
437
-182
-842
-1069
-320
-621
-465
-570
-352
-530
-185
-244
15
1448
4666
6783
9422
11764
14169
16317
18566
20526
22423
22497
22389
21780
20741
19296
17063
14128
11664
9564
7330
4734
2473
1254
1075
917
733
642
735
712
596
667
690
713
735
666
595
541
335
-533
-858
-788
-509
-450
-599
-444
-571
-380
-325
-260
19
1622
4503
6640
9371
11526
13972
15986
18292
19977
22193
22428
22587
22117
21331
20063
18419
15457
12953
10760
8547
6132
4034
1500
1188
913
872
665
735
619
713
689
643
620
713
596
666
689
587
338
-482
-822
-915
-509
-326
-571
-458
-564
-468
-389
-281
-50
419
3300
5432
8064
10030
12683
14637
16871
18774
20636
22461
22609
22703
22005
21282
19997
18371
15479
12973
10989
8614
6312
4234
1706
1233
1006
801
850
758
713
689
689
736
596
736
689
713
666
594
606
106
-653
-896
-766
-433
-432
-611
-393
-530
-237
-467
-306
-215
462
2770
5099
7597
9610
12046
14231
16141
18287
20057
21897
22469
22858
22456
21824
20945
19454
17671
14643
12476
10424
8004
5837
3578
1526
1141
1007
871
733
759
619
665
642
689
667
713
596
781
620
642
495
290
-465
-747
-1046
-368
-274
-607
-471
-576
-527
-267
-455
-170
-152
922
3160
5558
7785
9744
12207
14185
16181
17954
19816
21629
22652
22995
22614
22161
21421
20158
18664
16067
13423
11507
9339
6875
5071
2497
1346
1004
939
755
734
712
712
619
735
619
643
713
643
642
735
689
519
364
-351
-653
-1061
-379
-407
-426
-460
-450
-441
-358
-444
-330
-150
-66
1610
3803
6064
8366
10207
12601
14324
16272
18141
19743
21532
22696
22971
22678
22321
21643
20424
19183
17221
14329
12366
10150
8077
5768
3668
1502
1141
983
917
779
688
620
595
643
667
505
596
596
619
-22554
-10999
-10637
-9621
-8988
-7701
-6504
-4923
-3093
-902
361
2191
4179
5579
7454
8673
9283
10322
10638
11045
10842
10119
9396
8402
7205
5669
4246
2168
113
-1106
-3161
-4674
-6527
-7837
-9282
-9824
-10321
-10953
-10953
-10863
-10027
-9169
-8288
-6843
-5533
-3726
-1557
-112
1604
3320
5195
6595
8447
9125
9961
10638
10819
11000
10322
9644
8809
7612
6234
4698
2914
632
-722
-2461
-4268
-5713
-7498
-8717
-9779
-10208
-10728
-11044
-10818
-10366
-9327
-8695
-7362
-6030
-4449
-2212
-451
1062
2891
4540
6256
7815
9035
9622
10525
10887
10909
10683
9780
9193
7973
6708
5240
3614
1468
-360
-1738
-3794
-5375
-6820
-8424
-9395
-10027
-10660
-10953
-11044
-10502
-9756
-8853
-7859
-6414
-5081
-3093
-857
226
2326
3907
5669
7341
8628
9419
10119
10774
10954
10819
10232
9283
8538
7070
5805
4156
2191
136
-1286
-3003
-4900
-6278
-7904
-9305
-9711
-10524
-10795
-11021
-10795
-9982
-9192
-8198
-6978
-5488
-3884
-1603
0
1468
3546
4969
6889
8312
9125
10051
10548
10954
10932
10435
9667
8831
7679
6144
4811
2891
723
-631
-2484
-4178
-5984
-7272
-8898
-9756
-10186
-10908
-10886
-10953
-10321
-9463
-8650
-7362
-6075
-4426
-2371
-496
903
2733
4630
6076
7928
8877
9622
10503
10729
11135
10616
9938
9148
8063
6731
5263
3614
1355
-338
-1783
-3726
-5239
-7001
-8175
-9508
-9847
-10502
-10908
-10818
-10615
-9621
-8921
-7814
-6549
-5081
-3184
-1038
361
1988
3817
5511
7092
8718
9238
10209
10706
11000
11000
10119
9509
8447
7250
5760
4337
2259
23
-1106
-3251
-4742
-6323
-7927
-9214
-9982
-10457
-10999
-11066
-10818
-10208
-9124
-8379
-6910
-5646
-3884
-1670
-180
1649
3320
5172
6618
8221
9170
9848
10729
10909
10977
10525
9554
8967
7589
6324
4743
3027
813
-744
-2303
-4426
-5759
-7543
-8830
-9666
-10298
-10750
-11134
-10953
-10344
-9485
-8627
-7498
-6007
-4561
-2438
-473
791
2823
4359
6256
7725
8967
9622
10345
10887
10954
10729
9938
9148
8154
6686
5308
3591
1491
-293
-1761
-3590
-5442
-6730
-8559
-9553
-10005
-10705
-10863
-11066
-10615
-9847
-8876
-7904
-6527
-5036
-3139
-902
294
2146
3975
5421
7341
8605
9396
10232
10661
11000
10706
10232
9306
8402
7183
5827
4246
2213
248
-1264
-3093
-4765
-6368
-7791
-9350
-9756
-10502
-10976
-10976
-10841
-9960
-9214
-8243
-7001
-5555
-3906
-1670
-44
1423
3433
5037
6618
8334
9012
9961
10525
10864
11022
10322
9644
8764
7679
6211
4856
2936
700
-609
-2529
-4200
-5939
-7340
-8808
-9779
-10095
-10886
-10976
-10931
-10457
-9372
-8717
-7340
-6120
-4471
-2371
-541
949
2665
4630
6031
7883
8989
9532
10503
10729
10932
10729
9825
9238
8018
6776
5240
3727
1536
-360
-1693
-3771
-5149
-6910
-8311
-9508
-10073
-10569
-11021
-10931
-10615
-9756
-8921
-7927
-6436
-5081
-3139
-993
248
2259
3817
5692
7137
8696
9328
10096
10774
10842
10909
10141
9351
8515
7160
5850
4201
2281
181
-1173
-2980
-4878
-6210
-8017
-9192
-9824
-10524
-10818
-11134
-10750
-10140
-9169
-8333
-6978
-5555
-3906
-1580
-135
1491
3411
4924
6821
8176
248
-293
-338
-315
-315
-315
-315
-338
-338
-338
-383
-451
-541
-1061
-2687
-4200
-5600
-6843
-8379
-9576
-10795
-11179
-11902
-12467
-12489
-12806
-12218
-11450
-10592
-9440
-8040
-6459
-4833
-2822
-880
-631
-564
-496
-473
-406
-383
-360
-338
-315
-338
-360
-338
-315
-293
-360
-383
-451
-564
-1874
-3568
-5420
-6775
-8537
-9756
-11337
-12151
-12738
-13551
-13664
-13845
-13438
-12557
-12038
-11767
-11179
-10140
-8740
-7023
-5397
-2054
-767
-609
-473
-428
-383
-360
-360
-383
-383
-360
-360
-338
-338
-406
-451
-564
-948
-3206
-4833
-6730
-8198
-9937
-11224
-12851
-13867
-14635
-15629
-15832
-16148
-15810
-15335
-14364
-14070
-13935
-12896
-11902
-10073
-7995
-5984
-3251
-948
-654
-496
-428
-406
-360
-360
-360
-360
-383
-338
-360
-315
-338
-383
-473
-677
-2664
-4742
-6956
-8876
-10682
-12489
-13890
-15629
-16306
-17729
-18091
-18407
-18249
-17526
-16758
-15945
-16035
-15019
-13822
-11970
-9372
-7159
-4629
-1377
-744
-564
-451
-383
-383
-406
-360
-383
-360
-360
-496
-1309
-4358
-7611
-9395
-11044
-12467
-13551
-14500
-15245
-15764
-16261
-16826
-18204
-18497
-19423
-19288
-19514
-18904
-18046
-17300
-17255
-16916
-15787
-14612
-12331
-9802
-7769
-5962
-3003
-970
-699
-564
-451
-383
-383
-360
-383
-383
-338
-383
-360
-496
-902
-3364
-7972
-10999
-12828
-14477
-15810
-17142
-17820
-18814
-19017
-20078
-21072
-22586
-22857
-23624
-23241
-23105
-22224
-21027
-20937
-20530
-19853
-18384
-16645
-13302
-10886
-8695
-6549
-3726
-1241
-744
-609
-451
-383
-383
-383
-383
-360
-360
-383
-383
-428
-722
-1625
-5533
-10660
-12828
-14522
-16306
-17481
-18836
-19401
-20259
-20417
-21863
-22902
-24031
-24234
-24709
-24325
-23850
-22879
-21772
-22043
-21185
-20395
-18588
-16194
-12896
-10637
-8288
-5759
-2845
-1015
-722
-518
-428
-406
-383
-360
-383
-383
-360
-360
-360
-496
-857
-2574
-6865
-11608
-13144
-15200
-16487
-17978
-18904
-19807
-20237
-20801
-22043
-23466
-23873
-24709
-24505
-24483
-23647
-22744
-21908
-21840
-21275
-20101
-18610
-15922
-12873
-10592
-8220
-5691
-2913
-1061
-722
-541
-428
-406
-383
-406
-406
-383
-360
-383
-360
-428
-767
-1648
-5239
-10344
-12512
-14522
-15810
-17436
-18271
-19378
-19875
-20417
-20892
-22721
-23195
-24280
-24212
-24663
-23941
-23466
-22202
-21750
-21705
-21050
-19875
-18362
-15561
-12783
-10457
-8220
-5555
-3116
-1083
-744
-586
-451
-383
-406
-338
-360
-383
-360
-338
-360
-406
-518
-948
-2980
-7430
-11586
-13461
-14951
-16713
-17616
-18949
-19446
-20259
-20417
-21524
-22676
-23692
-24212
-24663
-24663
-24347
-23624
-22631
-21818
-22021
-21298
-20462
-18972
-16871
-13686
-11360
-9350
-6798
-4403
-1625
-902
-631
-518
-451
-406
-383
-360
-360
-383
-360
-383
-383
-383
-586
-970
-3297
-7362
-11676
-13393
-15155
-16600
-17820
-18972
-19582
-20440
-20620
-21321
-22518
-23828
-24121
-25025
-24822
-25070
-24280
-23602
-22405
-22292
-22089
-21434
-20304
-18904
-16374
-13415
-11202
-8966
-6527
-4042
-1490
-880
-654
-518
-428
-406
-406
-383
-383
-383
-383
-360
-383
-406
-473
-835
-2258
-5939
-10524
-12964
-14658
-16058
-17549
-18565
-19514
-20282
-20598
-21163
-21727
-23466
-23941
-24889
-25025
-25341
-25025
-24551
-23647
-22563
-22473
-22247
-21614
-20575
-19107
-16803
-13822
-11428
-9305
-7023
-4381
-2167
-948
-722
-564
-451
-383
-406
-406
-360
-360
-360
-360
-406
-383
-383
-564
-1038
-3432
-7543
-11721
-13596
-15087
-16487
-17933
-18768
-19875
-20259
-21004
-21050
-22066
-23421
-24008
-24980
-25093
-25567
-25093
-24957
-23873
-23037
-22450
-22563
-21998
-21095
-19898
-18136
-15245
-12670
-10524
-8288
-5826
-3681
-1241
-835
-654
-518
-406
-406
-383
-383
-383
-360
-360
-383
-360
-383
-383
-586
-948
-3342
-7227
-11383
-13596
-14906
-16374
-17684
-18588
-19717
-20101
-20937
-21027
-21614
-22969
-23670
-24799
-24935
-25522
-25386
-25273
-24641
-23828
-22789
-22608
-22608
-21863
-21140
-19785
-18159
-15290
-12760
-10660
-8379
-6030
-3952
-1377
-880
-677
-518
-473
-428
-383
-383
-383
-383
-360
-383
-383
-383
-383
-406
-699
-1490
-4697
-8514
-12376
-14048
-15222
-16803
-17820
-18926
-19830
-20304
-20982
-21050
-21727
-22721
-23783
-24731
-24889
-25612
-25544
-25341
-25070
-24234
-23399
-22586
-22857
-22314
-21682
-20756
-19265
-17458
-14454
-12263
-10118
-7769
-5578
-3319
-1196
-835
-654
-541
-451
-406
-383
-406
-383
-383
-360
-383
-360
-428
-360
-383
-541
-993
-3500
-7091
-11134
-13596
-14793
-16081
-17413
-18294
-19446
-19988
-20598
-21117
-21253
-21953
-22947
-24054
-24731
-25047
-25702
-25544
-25522
-25183
-24392
-23647
-22721
-22947
-22473
-22066
-21185
-19875
-18452
-15855
-13235
-11224
-9056
-6639
-4765
-2167
-993
-744
-586
-496
-428
-406
-406
-383
-406
-383
-360
-383
-360
-383
-406
-383
-518
-880
-2980
-6504
-10321
-13280
-14590
-15674
-17142
-18068
-19039
-19920
-20304
-21004
-21208
-21456
-22382
-23331
-24325
-24889
-25206
-25815
-25567
-25590
-25206
-24460
-23737
-22789
-22947
-22653
-22179
-21501
-20259
-18994
-16961
-14093
-12060
-9914
-7724
-5533
-3432
-1196
-835
-677
-564
-473
-406
-338
-383
-360
-360
-293
-360
-360
-383
16804
13
25
38
50
63
76
88
101
113
126
139
151
164
176
189
202
214
227
239
252
265
277
290
302
315
328
340
353
365
378
391
403
416
429
441
454
466
479
492
504
517
529
542
555
567
580
592
605
618
630
643
655
668
681
693
706
718
731
744
756
769
781
794
807
819
832
844
857
870
882
895
907
920
933
945
958
970
983
996
1008
1021
1033
1046
1059
1071
1084
1096
1109
1122
1134
1147
1159
1172
1185
1197
1210
1222
1235
1248
1260
1273
1286
1298
1311
1323
1336
1349
1361
1374
1386
1399
1412
1424
1437
1449
1462
1475
1487
1500
1512
1525
1538
1550
1563
1575
1588
1601
1613
1626
1638
1651
1664
1676
1689
1701
1714
1727
1739
1752
1764
1777
1790
1802
1815
1827
1840
1853
1865
1878
1890
1903
1916
1928
1941
1953
1966
1979
1991
2004
2016
2029
2042
2054
2067
2080
2092
2105
2117
2130
2143
2155
2168
2180
2193
2206
2218
2231
2243
2256
2269
2281
2294
2306
2319
2332
2344
2357
2369
2382
2395
2407
2420
2432
2445
2458
2470
2483
2495
2508
2521
2533
2546
2558
2571
2584
2596
2609
2621
2634
2647
2659
2672
2684
2697
2710
2722
2735
2747
2760
2773
2785
2798
2810
2823
2836
2848
2861
2874
2886
2899
2911
2924
2937
2949
2962
2974
2987
3000
3012
3025
3037
3050
3063
3075
3088
3100
3113
3126
3138
3151
3163
3176
3189
3201
3214
3226
3239
3252
3264
3277
3289
3302
3315
3327
3340
3352
3365
3378
3390
3403
3415
3428
3441
3453
3466
3478
3491
3504
3516
3529
3541
3554
3567
3579
3592
3604
3617
3630
3642
3655
3667
3680
3693
3705
3718
3731
3743
3756
3768
3781
3794
3806
3819
3831
3844
3857
3869
3882
3894
3907
3920
3932
3945
3957
3970
3983
3995
4008
4020
4033
4046
4058
4071
4083
4096
4109
4121
4134
4146
4159
4172
4184
4197
4209
4222
4235
4247
4260
4272
4285
4298
4310
4323
4335
4348
4361
4373
4386
4398
4411
4424
4436
4449
4461
4474
4487
4499
4512
4525
4537
4550
4562
4575
4588
4600
4613
4625
4638
4651
4663
4676
4688
4701
4714
4726
4739
4751
4764
4777
4789
4802
4814
4827
4840
4852
4865
4877
4890
4903
4915
4928
4940
4953
4966
4978
4991
5003
5016
5029
5041
5054
5066
5079
5092
5104
5117
5129
5142
5155
5167
5180
5192
5205
5218
5230
5243
5255
5268
5281
5293
5306
5318
5331
5344
5356
5369
5382
5394
5407
5419
5432
5445
5457
5470
5482
5495
5508
5520
5533
5545
5558
5571
5583
5596
5608
5621
5634
5646
5659
5671
5684
5697
5709
5722
5734
5747
5760
5772
5785
5797
5810
5823
5835
5848
5860
5873
5886
5898
5911
5923
5936
5949
5961
5974
5986
5999
6012
6024
6037
6049
6062
6075
6087
6100
6112
6125
6138
6150
6163
6176
6188
6201
6213
6226
6239
6251
6264
6276
6289
6302
6314
6327
6339
6352
6365
6377
6390
6402
6415
6428
6440
6453
6465
6478
6491
6503
6516
6528
6541
6554
6566
6579
6591
6604
6617
6629
6642
6654
6667
6680
6692
6705
6717
6730
6743
6755
6768
6780
6793
6806
6818
6831
6843
6856
6869
6881
6894
6906
6919
6932
6944
6957
6970
6982
6995
7007
7020
7033
7045
7058
7070
7083
7096
7108
7121
7133
7146
7159
7171
7184
7196
7209
7222
7234
7247
7259
7272
7285
7297
7310
7322
7335
7348
7360
7373
7385
7398
7411
7423
7436
7448
7461
7474
7486
7499
7511
7524
7537
7549
7562
7574
7587
7600
7612
7625
7637
7650
7663
7675
7688
7700
7713
7726
7738
7751
7763
7776
7789
7801
7814
7827
7839
7852
7864
7877
7890
7902
7915
7927
7940
7953
7965
7978
7990
8003
8016
8028
8041
8053
8066
8079
8091
8104
8116
8129
8142
8154
8167
8179
8192
8205
8217
8230
8242
8255
8268
8280
8293
8305
8318
8331
8343
8356
8368
8381
8394
8406
8419
8431
8444
8457
8469
8482
8494
8507
8520
8532
8545
8557
8570
8583
8595
8608
8621
8633
8646
8658
8671
8684
8696
8709
8721
8734
8747
8759
8772
8784
8797
8810
8822
8835
8847
8860
8873
8885
8898
8910
8923
8936
8948
8961
8973
8986
8999
9011
9024
9036
9049
9062
9074
9087
9099
9112
9125
9137
9150
9162
9175
9188
9200
9213
9225
9238
9251
9263
9276
9288
9301
9314
9326
9339
9351
9364
9377
9389
9402
9414
9427
9440
9452
9465
9478
9490
9503
9515
9528
9541
9553
9566
9578
9591
9604
9616
9629
9641
9654
9667
9679
9692
9704
9717
9730
9742
9755
9767
9780
9793
9805
9818
9830
9843
9856
9868
9881
9893
9906
9919
9931
9944
9956
9969
9982
9994
10007
10019
10032
10045
10057
10070
10082
10095
10108
10120
10133
10145
10158
10171
10183
10196
10208
10221
10234
10246
10259
10272
10284
10297
10309
10322
10335
10347
10360
10372
10385
10398
10410
10423
10435
10448
10461
10473
10486
10498
10511
10524
10536
10549
10561
10574
10587
10599
10612
10624
10637
10650
10662
10675
10687
10700
10713
10725
10738
10750
10763
10776
10788
10801
10813
10826
10839
10851
10864
10876
10889
10902
10914
10927
10939
10952
10965
10977
10990
11002
11015
11028
11040
11053
11066
11078
11091
11103
11116
11129
11141
11154
11166
11179
11192
11204
11217
11229
11242
11255
11267
11280
11292
11305
11318
11330
11343
11355
11368
11381
11393
11406
11418
11431
11444
11456
11469
11481
11494
11507
11519
11532
11544
11557
11570
11582
11595
11607
11620
11633
11645
11658
11670
11683
11696
11708
11721
11733
11746
11759
11771
11784
11796
11809
11822
11834
11847
11859
11872
11885
11897
11910
11923
11935
11948
11960
11973
11986
11998
12011
12023
12036
12049
12061
12074
12086
12099
12112
12124
12137
12149
12162
12175
12187
12200
12212
12225
12238
12250
12263
12275
12288
12301
12313
12326
12338
12351
12364
12376
12389
12401
12414
12427
12439
12452
12464
12477
12490
12502
12515
12527
12540
12553
12565
12578
12590
12603
12616
12628
12641
12653
12666
12679
12691
12704
12717
12729
12742
12754
12767
12780
12792
12805
12817
12830
12843
12855
12868
12880
12893
12906
12918
12931
12943
12956
12969
12981
12994
13006
13019
13032
13044
13057
13069
13082
13095
13107
13120
13132
13145
13158
13170
13183
13195
13208
13221
13233
13246
13258
13271
13284
13296
13309
13321
13334
13347
13359
13372
13384
13397
13410
13422
13435
13447
13460
13473
13485
13498
13510
13523
13536
13548
13561
13574
13586
13599
13611
13624
13637
13649
13662
13674
13687
13700
13712
13725
13737
13750
13763
13775
13788
13800
13813
13826
13838
13851
13863
13876
13889
13901
13914
13926
13939
13952
13964
13977
13989
14002
14015
14027
14040
14052
14065
14078
14090
14103
14115
14128
14141
14153
14166
14178
14191
14204
14216
14229
14241
14254
14267
14279
14292
14304
14317
14330
14342
14355
14368
14380
14393
14405
14418
14431
14443
14456
14468
14481
14494
14506
14519
14531
14544
14557
14569
14582
14594
14607
14620
14632
14645
14657
14670
14683
14695
14708
14720
14733
14746
14758
14771
14783
14796
14809
14821
14834
14846
14859
14872
14884
14897
14909
14922
14935
14947
14960
14972
14985
14998
15010
15023
15035
15048
15061
15073
15086
15098
15111
15124
15136
15149
15162
15174
15187
15199
15212
15225
15237
15250
15262
15275
15288
15300
15313
15325
15338
15351
15363
15376
15388
15401
15414
15426
15439
15451
15464
15477
15489
15502
15514
15527
15540
15552
15565
15577
15590
15603
15615
15628
15640
15653
15666
15678
15691
15703
15716
15729
15741
15754
15766
15779
15792
15804
15817
15829
15842
15855
15867
15880
15892
15905
15918
15930
15943
15955
15968
15981
15993
16006
16019
16031
16044
16056
16069
16082
16094
16107
16119
16132
16145
16157
16170
16182
16195
16208
16220
16233
16245
16258
16271
16283
16296
16308
16321
16334
16346
16359
16371
16384
0
0
0
0
0
0
0
0
0
0
0
0
0
0
0
0
0
0
0
0
0
0
0
0
0
0
0
0
0
0
0
0
0
0
0
0
0
0
0
0
0
0
0
0
0
0
0
0
0
0
0
0
0
0
0
0
0
0
0
0
0
0
0
0
0
0
0
0
0
0
0
0
0
0
0
0
0
0
0
0
0
0
0
0
0
0
0
0
0
0
0
0
0
0
0
0
0
0
0
0
0
0
0
0
0
0
0
0
0
0
0
0
0
0
0
0
0
0
0
0
0
0
0
0
0
0
0
0
0
0
0
0
0
0
0
0
0
0
0
0
0
0
0
0
0
0
0
0
0
0
0
0
0
0
0
0
0
0
0
0
0
0
0
0
0
0
0
0
0
0
0
0
0
0
0
0
0
0
0
0
0
0
0
0
0
0
0
0
0
0
0
0
0
0
0
0
0
0
0
0
0
0
0
0
0
0
0
0
0
0
0
0
0
0
0
0
0
0
0
0
0
0
0
0
0
0
0
0
0
0
0
0
0
0
0
0
0
0
0
0
0
0
0
0
0
0
0
0
0
0
0
0
0
0
0
0
0
0
0
0
0
0
0
0
0
0
0
0
0
0
0
0
0
0
0
0
0
0
0
0
0
0
0
0
0
0
0
0
0
0
0
0
0
0
0
0
0
0
0
0
0
0
0
0
0
0
0
0
0
0
0
0
0
0
0
0
0
0
0
0
0
0
0
0
0
0
0
0
0
0
0
0
0
0
0
0
0
0
0
0
0
0
0
0
0
0
0
0
0
0
0
0
0
0
0
0
0
0
0
0
0
0
0
0
0
0
0
0
0
0
0
0
0
0
0
0
0
0
0
0
0
0
0
0
0
0
0
0
0
0
0
0
0
0
0
0
0
0
0
0
0
0
0
0
0
0
0
0
0
0
0
0
0
0
0
0
0
0
0
0
0
0
0
0
0
0
0
0
0
0
0
0
0
0
0
0
0
0
0
0
0
0
0
0
0
0
0
0
0
0
0
0
0
0
0
0
0
0
0
0
0
0
0
0
0
0
0
0
0
0
0
0
0
0
0
0
0
0
0
0
0
0
0
0
0
0
0
0
0
0
0
0
0
0
0
0
0
0
0
0
-32767
-32767
-32767
-32767
-32767
-32767
-32767
-32767
-32767
-32767
-32767
-32767
-32767
-32767
-32767
-32767
-32767
-32767
-32767
-32767
-32767
-32767
-32767
-32767
-32767
-32767
-32767
-32767
-32767
-32767
-32767
-32767
-32767
-32767
-32767
-32767
-32767
-32767
-32767
-32767
-32767
-32767
-32767
-32767
-32767
-32767
-32767
-32767
-32767
-32767
-16383
-16383
-16383
-16383
-16383
-16383
-16383
-16383
-16383
-16383
-16383
-16383
-16383
-16383
-16383
-16383
-16383
-16383
-16383
-16383
-16383
-16383
-16383
-16383
-16383
-16383
-16383
-16383
-16383
-16383
-16383
-16383
-16383
-16383
-16383
-16383
-16383
-16383
-16383
-16383
-16383
-16383
-16383
-16383
-16383
-16383
-16383
-16383
-16383
-16383
-16383
-16383
-16383
-16383
-16383
-16383
-16383
-16383
-16383
-16383
-16383
-16383
-16383
-16383
-16383
-16383
-16383
-16383
-16383
-16383
-16383
-16383
-16383
-16383
-16383
-16383
-16383
-16383
-16383
-16383
-16383
-16383
-16383
-16383
-16383
-16383
-16383
-16383
-16383
-16383
-16383
-16383
-16383
-16383
-16383
-16383
-16383
-16383
-16383
-16383
0
0
0
0
0
0
0
0
0
0
0
0
0
0
0
0
0
0
0
0
0
0
0
0
0
0
0
0
0
0
0
0
0
0
0
0
0
0
0
0
0
0
0
0
0
0
0
0
0
0
0
0
0
0
0
0
0
0
0
0
0
0
0
0
0
0
0
0
0
0
0
0
0
0
0
0
0
0
0
0
0
0
0
0
0
0
0
0
0
0
0
0
0
0
0
0
0
0
0
0
0
0
0
0
0
0
0
0
0
0
0
0
0
0
0
0
0
0
0
0
0
0
0
0
0
0
0
0
0
0
0
0
0
0
0
0
0
0
0
0
0
0
0
0
0
0
0
0
0
0
0
0
0
0
0
0
0
0
0
0
0
0
0
0
0
0
0
0
0
0
0
0
0
0
0
0
0
0
0
0
0
0
0
0
0
0
0
0
0
0
0
0
0
0
0
0
0
0
0
0
0
0
0
0
0
0
0
0
0
0
0
0
0
0
0
0
0
0
0
0
0
0
0
0
0
0
0
0
0
0
0
0
0
0
0
0
0
0
0
0
0
0
0
0
0
0
0
0
0
0
0
0
0
0
0
0
0
0
0
0
0
0
0
0
0
0
0
0
0
0
0
0
0
0
0
0
0
0
0
0
0
0
0
0
0
0
0
0
0
0
0
0
0
0
0
0
0
0
0
0
0
0
0
0
0
0
0
0
0
0
0
0
0
0
0
0
0
0
0
0
0
0
0
0
0
0
0
0
0
0
0
0
0
0
0
0
0
0
0
0
0
0
0
0
0
0
0
0
0
0
0
0
0
0
0
0
0
0
0
0
0
0
0
0
0
0
0
0
0
0
0
0
0
0
0
0
0
0
0
0
0
0
0
0
0
0
0
0
0
0
0
0
0
0
0
0
0
0
0
0
0
0
0
0
0
0
0
0
0
0
0
0
0
0
0
0
0
0
0
0
0
0
0
0
0
0
0
0
0
0
0
0
0
0
0
0
0
0
0
0
0
0
0
0
0
0
0
0
0
0
0
0
0
0
0
0
0
0
0
0
0
0
0
0
0
0
0
0
0
0
0
0
0
0
0
0
0
0
0
0
0
0
0
0
0
0
0
0
0
0
0
0
0
0
0
0
0
0
0
0
0
0
0
0
0
0
0
0
0
0
0
0
0
0
0
0
0
0
0
0
0
0
0
0
0
0
0
0
0
0
0
0
0
0
0
0
0
0
0
0
0
0
0
0
0
0
0
0
0
0
0
0
0
0
0
0
0
0
0
0
0
0
0
0
0
0
0
0
0
0
0
0
0
0
0
0
0
0
0
0
0
0
0
0
0
0
0
0
0
0
0
0
0
0
0
0
0
0
0
0
0
0
0
0
0
0
0
0
0
0
0
0
0
0
0
0
0
0
0
0
0
0
0
0
0
0
0
0
0
0
0
0
0
0
0
0
0
0
0
0
0
0
0
0
0
0
0
0
0
0
7516
7306
7001
7396
7333
7543
7703
7566
7188
7616
7586
7734
7806
7431
7233
7528
7505
7380
7570
7359
7115
7143
7298
7312
7332
7484
7353
7043
7377
7392
7369
7491
7235
6919
7301
7206
7395
7313
7443
7070
7206
7443
7438
7562
7683
7265
7433
7811
7686
7819
7496
7217
7508
7555
7472
7430
7498
7061
7086
7247
7322
7321
7467
7322
7109
7287
7372
7452
7346
7398
6888
7220
7281
7313
7320
7379
7299
6965
7498
7420
7581
7626
7503
7236
7639
7708
7659
7838
7201
7423
7410
7502
7431
7594
7298
6892
7349
7219
7342
7377
7573
7184
7109
7470
7304
7555
7392
7264
6904
7327
7201
7414
7383
7312
7102
7238
7475
7462
7726
7574
7204
7571
7651
7738
7655
7510
7045
7651
7371
7534
7378
7464
7141
7053
7393
7186
7397
7449
7338
6978
7482
7356
7383
7495
7176
7052
7206
7372
7210
7465
7347
7123
7215
7382
7503
7589
7641
7328
7416
7668
7627
7690
7606
7242
7462
7517
7374
7530
7472
7213
6970
7278
7296
7268
7387
7465
7022
7196
7472
7266
7510
7414
7036
7147
7297
7357
7319
7483
7135
7115
7408
7435
7568
7735
7384
7241
7690
7613
7785
7549
7369
7238
7606
7452
7441
7483
7226
7121
7229
7322
7295
7428
7436
7168
7037
7430
7361
7264
7579
6987
7094
7269
7290
7285
7422
7345
6944
7370
7379
7523
7585
7642
7241
7527
7745
7549
7874
7335
7291
7426
7476
7335
7591
7436
6947
7216
7220
7285
7327
7539
7277
7007
7461
7386
7457
7420
7393
6834
7402
7182
7381
7336
7432
7226
7100
7508
7401
7634
7683
7356
7373
7796
7712
7756
7729
7089
7634
7435
7516
7332
7551
7200
6971
7402
7215
7352
7427
7378
7076
7286
7359
7350
7445
7420
7118
7093
7321
7153
7475
7419
7270
7051
7368
7493
7509
7664
7568
7267
7738
7717
7637
7832
7337
7462
7624
7364
7492
7475
7391
6970
7282
7296
7247
7372
7515
7111
7055
7499
7260
7523
7341
7159
6964
7362
7338
7304
7431
7247
7180
7274
7491
7508
7710
7532
7251
7658
7664
7777
7710
7539
7029
7747
7446
7518
7485
7348
7185
7018
7432
7241
7405
7404
7359
6948
7426
7393
7255
7508
7111
7008
7172
7297
7215
7417
7403
7019
7265
7348
7477
7571
7690
7265
7409
7788
7600
7831
7471
7303
7430
7588
7310
7548
7504
7157
7063
7223
7370
7233
7450
7414
7156
7150
7403
7313
7407
7476
6852
7159
7140
7379
7264
7465
7203
6978
7455
7369
7598
7687
7440
7205
7701
7621
7721
7805
7393
7456
7484
7510
7349
7594
7277
7003
7326
7232
7307
7299
7506
7219
7046
7428
7417
7413
7456
7174
6988
7358
7204
7377
7320
7346
7041
7275
7465
7459
7647
7593
7197
7634
7726
7547
7728
7364
7195
7578
7455
7468
7418
7451
7033
7125
7311
7255
7365
7490
7230
7043
7421
7264
7468
7352
7384
6965
7302
7229
7321
7394
7320
7211
7078
7492
7435
7658
7674
7311
7243
7709
7783
7681
7725
7062
6051
4588
809
-603
-2105
-2645
-2168
-1169
199
1722
3326
4834
6262
7392
7344
7397
7865
7779
8261
7917
8136
8422
8428
8538
8590
9000
8997
8897
9026
9235
9237
9386
9610
9828
9368
10787
11460
11544
10964
9118
7226
4548
404
-881
-2352
-2335
-1584
-225
1408
3062
4802
6373
7913
8716
8377
8700
8870
9056
9306
8787
9392
9185
9270
9282
9562
9643
9552
10261
11361
11948
11497
10367
8348
6401
2763
1005
711
590
506
261
-356
-2298
-3170
-3227
-2498
-1275
333
2137
3839
5725
7179
8774
8794
8781
9191
9259
9583
9935
9591
10164
9974
10227
10149
10392
10542
10728
10664
12080
13454
13650
13502
11904
9669
7003
3941
1233
790
651
419
365
-36
-1602
-3402
-3673
-3108
-1862
-166
1768
3819
5766
7938
9569
10080
10145
10269
10607
10672
11214
11002
11336
11329
11348
11429
11565
11766
11777
11890
12818
14730
15313
15301
13941
11302
8423
5481
1803
905
706
524
337
212
100
46
-58
-169
-283
-457
-1030
-2683
-4224
-3782
-2787
-1229
863
2891
5249
7233
9523
10029
10250
10170
10537
10635
11087
11226
11374
12131
14158
15602
16151
16052
14422
11697
9192
6895
3586
1199
892
704
562
443
269
170
116
22
-85
-216
-311
-465
-794
-2080
-4012
-4710
-3537
-1688
328
3017
5283
8137
10230
12216
11861
12294
12367
12718
12791
13152
13154
13299
15248
17325
18731
19077
18499
15650
12969
10270
7550
4292
1528
949
738
495
389
338
170
133
-3
-94
-190
-309
-415
-730
-1116
-2772
-4243
-3885
-2237
-8
2380
5270
7715
10506
12836
13326
13497
13709
13743
14120
14105
14281
14257
14782
17356
18952
20121
19970
18582
15285
12654
9771
6496
3297
1191
905
597
523
416
246
111
27
-33
-163
-250
-343
-481
-780
-1550
-3129
-4294
-3296
-1522
727
3318
5969
8531
11188
13232
13617
13508
13773
14131
14093
14365
14276
14323
15098
17461
19178
20028
19991
18321
15200
12674
9701
6465
3314
1327
821
585
430
331
285
206
82
-9
-114
-223
-316
-422
-702
-1181
-2606
-4060
-4035
-2378
-476
2008
4457
7096
9537
12093
13475
13223
13381
13718
13837
14252
14060
14260
14013
15375
17611
19182
19854
19816
17925
15124
12449
9683
6383
3471
1251
857
735
486
381
363
177
109
19
-91
-178
-267
-357
-545
-879
-1707
-3587
-4498
-3599
-2002
266
2415
5118
7270
10125
12120
13429
13130
13514
13490
13771
14005
14117
14192
13957
14928
17295
18827
19921
19961
19017
16074
13517
11092
7881
4892
1956
1119
714
637
476
354
313
137
70
15
-105
-307
-270
-365
-580
-865
-1896
-3612
-4497
-3958
-2141
-281
2083
4453
6984
9463
11692
13315
13444
13468
13681
13872
13993
14199
14194
14143
14091
15965
18065
19482
20195
20175
18688
15720
13306
10646
7519
4681
1782
1001
713
611
532
388
299
207
123
32
-78
-181
-240
-343
-476
-729
-1454
-3088
-4399
-4547
-2966
-1297
956
3094
5728
7981
10310
12647
13580
13383
13578
13821
13837
14106
14236
14188
14185
14040
16095
18067
19524
20282
20299
18993
16238
13674
11092
8255
5091
2592
1194
973
693
473
366
289
245
109
55
-15
-126
-185
-303
-353
-600
-895
-2061
-3876
-4839
-4277
-2791
-977
1139
3522
5907
8069
10607
12480
13465
13296
13567
13685
13731
14072
13980
14204
14033
14003
15279
17477
19062
19998
20423
19921
17576
15015
12560
9787
6773
4219
1491
1010
745
664
473
406
274
257
127
48
-49
-113
-196
-293
-392
-570
-849
-2028
-3858
-4913
-4645
-3406
-1490
428
2712
4988
7053
9538
11459
13379
13125
13321
13544
13604
13638
13899
13984
13999
13968
13883
15561
17718
19008
20124
20322
19804
17642
14987
12744
9911
6986
4575
1782
1123
827
632
580
436
381
294
208
136
-23
-63
-145
-238
-319
-416
-693
-1115
-2815
-4378
-5218
-4594
-3177
-1303
473
2864
4826
7166
9440
11315
13118
13143
13217
13382
13432
13693
13647
13755
13855
13766
13769
14460
16692
18245
19516
20295
20179
19438
16785
14483
12103
9175
6491
3855
1502
1037
848
647
449
498
285
306
184
142
24
-42
-133
-202
-272
-372
-545
-879
-2182
-4014
-5132
-5390
-4188
-2427
-834
1264
3351
5321
7681
9651
11635
12981
12937
13112
13106
13285
13441
13460
13647
13841
13631
13636
13931
16037
17663
19117
20028
20200
19946
18089
15503
13320
10868
7784
5532
2692
1276
953
677
542
561
378
379
208
213
84
63
-65
-123
-209
-279
-362
-498
-864
-1950
-3910
-5013
-5745
-4737
-3240
-1655
222
2194
4360
6359
8426
10390
12212
12858
12982
12949
12955
13196
13382
13315
13599
13630
13572
13544
13670
15644
17383
18750
19834
20117
20080
19023
16319
14337
11858
9168
6378
4026
1572
960
867
666
521
409
331
238
281
148
57
3
-82
-140
10464
8163
8441
8558
8176
8382
8211
8521
8340
8492
8179
8008
8305
7964
8272
8237
7836
8002
7891
8020
8186
8307
8146
8105
7971
8382
8059
8401
8363
7905
8123
7927
8249
8102
8496
8079
7967
8133
8146
8351
8555
8261
8198
8282
8116
8480
8421
8202
8137
8011
8178
7927
8410
7971
7879
7970
7890
8112
8236
8255
8114
8138
8085
8281
8006
8524
8083
8059
8130
7948
8198
8232
8362
7941
8052
8271
8130
8393
8480
8240
8351
8256
8191
8622
8329
8223
8157
8108
8073
8140
8280
7813
8026
8006
7865
8237
8409
7899
8239
8087
8205
8272
8262
8377
7943
8236
8116
8073
8253
8296
8046
8079
8102
8273
8294
8527
8213
8076
8450
8254
8402
8549
7934
8217
8024
8171
8160
8280
7888
7868
7985
8099
8051
8387
8104
8023
8296
8048
8282
8273
8311
8175
7935
8243
7966
8225
8402
8022
8069
8100
8152
8361
8424
8269
8387
8130
8442
8139
8529
8291
8028
8271
7921
8227
8253
8045
7957
7957
7988
8000
8310
8366
8073
8059
8336
7985
8402
8322
8055
8184
8009
8245
8005
8475
8283
7974
8220
8091
8242
8471
8536
8216
8350
8239
8485
8340
8397
8077
8086
8224
7965
8336
8139
7824
8038
7923
8226
8168
8315
7999
8100
8182
8281
8095
8522
8219
8075
8156
8027
8207
8097
8400
7845
7939
8121
7921
8303
8438
8020
8298
8147
8095
8356
8345
8168
7943
8022
7969
7984
8312
7789
7976
7966
7946
8318
8398
8203
8321
8009
8325
8224
8280
8587
8020
8365
8108
8176
8202
8466
8235
8082
8266
8275
8255
8614
8449
8299
8516
8172
8410
8523
8165
8331
8076
8269
8002
8290
8052
7843
8128
8091
8108
8301
8301
8005
8403
8041
8379
8128
8371
8249
7969
8328
8014
8295
8321
8366
8081
8170
8255
8273
8427
8573
8275
8191
8412
8128
8590
8395
8059
8231
7931
8210
8114
8232
7768
7942
8031
7948
8274
8489
8072
8124
8249
8076
8443
8290
8330
8063
8061
8271
8008
8481
8437
8016
8099
8051
8311
8405
8501
8202
8241
8246
8468
8274
8671
8132
8180
8150
7928
8225
8220
7895
7954
7901
8007
8004
8275
8135
8150
8217
8195
8070
8443
8267
8211
8113
8109
8120
8091
8519
8072
8092
8240
8102
8345
8501
8271
8465
8182
8298
8294
8318
8333
8021
8186
8051
8019
8272
7904
7896
7973
7921
8096
8050
8293
8052
8051
8218
8049
8254
8562
7983
8225
8039
8245
8107
8392
8343
7928
8213
8200
8220
8604
8534
8110
8369
8153
8428
8409
8322
8184
7958
8246
7935
8289
8202
7776
7994
7881
7895
8282
8225
7864
8150
7897
8213
8029
8396
8302
7959
8264
7932
8202
8136
8451
8061
8041
8193
8099
8380
8544
8297
8280
8457
8164
8471
8443
8118
8207
7966
8199
8026
8354
7796
7857
8013
7946
8162
8310
8092
8152
8211
8017
8290
8099
8451
8049
8054
8245
8010
8306
8356
8165
8108
8115
8313
8294
8593
8360
8231
8299
8404
8268
8712
8118
8114
8197
8026
8186
8199
-401
-1923
-850
94
2315
4829
6862
8309
9241
9934
10204
10148
9598
9212
9097
9140
9113
8968
9115
9155
9412
8829
9037
9100
9101
9334
9185
9484
9204
9160
9391
9401
9357
9576
9103
7956
5955
3718
1442
-542
-1991
-2481
-756
466
3490
5871
7992
9442
10528
10879
11006
10548
9910
9713
9563
9837
9542
9851
9604
10072
9754
9664
10067
9967
10245
10176
10400
9358
7672
5552
3215
968
-740
-1763
-1254
-530
-537
-553
-596
-540
-180
2027
4421
6728
8970
10808
11757
12694
12601
12750
12036
11446
11803
11604
11875
11642
11873
11613
12013
11791
11832
12090
12096
12510
12297
12544
12685
10946
9070
6406
3888
1355
-621
-1867
-1828
-613
-546
-553
-522
-613
-415
1169
4231
6967
9394
11559
13047
14048
14647
14452
14353
13297
13628
13416
13686
13666
13654
13700
13575
13876
13459
14178
14043
14429
14305
14343
14694
13219
11308
8451
5523
2462
-104
-1750
-2271
-977
-601
-563
-584
-522
-612
-640
-688
-664
-573
-553
-332
631
4144
7669
10131
12416
14373
15667
16512
16759
16652
16032
15469
15912
15807
16269
16090
16523
16426
16754
15840
14190
11979
9124
6127
2999
453
-1267
-2184
-1752
-669
-555
-565
-578
-587
-587
-622
-726
-689
-684
-655
-640
-378
171
3123
8413
11827
14457
16743
18360
19681
19999
20257
19383
18950
18926
19588
19336
19884
19613
19923
19978
20137
18696
16454
13493
10137
6413
2842
113
-1649
-2576
-2211
-954
-649
-596
-549
-571
-601
-622
-676
-644
-706
-638
-591
-469
-119
1157
5761
11793
14369
16702
18994
20138
21314
21130
21038
19765
19830
19751
20246
19939
20389
20222
20486
20680
20384
18603
15823
12696
8897
5042
1620
-845
-2304
-2778
-1946
-812
-653
-621
-581
-606
-620
-589
-575
-712
-577
-642
-598
-358
130
2234
7282
12914
14883
17665
19111
20668
21127
21343
20595
19851
19597
20242
19829
20322
20013
20424
20324
20744
20249
18289
15629
12376
8789
4915
1538
-785
-2262
-2748
-1918
-858
-671
-563
-544
-554
-654
-682
-685
-666
-703
-652
-612
-491
-78
1098
5507
11434
13909
16742
18319
20223
20763
21361
20912
20322
19273
20099
19747
20207
19852
20245
20121
20446
20684
19808
17946
15253
11960
8432
4735
1513
-790
-2213
-2573
-2043
-829
-666
-637
-557
-548
-639
-621
-634
-689
-615
-595
-660
-616
-246
108
2807
7803
12796
15213
17253
19448
20348
21433
21298
21227
20210
19824
20073
20158
20336
20332
20477
20343
20585
21038
20227
18732
16030
13173
9623
6149
2684
78
-1639
-2525
-2426
-1213
-700
-613
-605
-563
-566
-640
-584
-617
-712
-612
-894
-559
-585
-334
262
3134
7715
12981
15018
17498
19334
20575
21604
21638
21718
20785
20182
20131
20696
20330
20843
20574
20964
20841
21217
21348
20143
18137
15609
12427
9010
5388
2132
-237
-1787
-2542
-2282
-1100
-684
-614
-601
-573
-598
-596
-658
-725
-712
-685
-571
-621
-598
-365
150
1819
6130
11508
14295
16797
18640
20381
21356
21952
22121
21519
20918
20101
20889
20621
20903
20961
21021
21098
21235
21478
21881
20373
18395
15805
12754
9429
5919
2656
176
-1536
-2388
-2264
-1527
-735
-735
-616
-572
-532
-630
-670
-565
-641
-712
-725
-664
-569
-484
-286
327
3243
7830
12833
15213
17306
19192
20847
21578
22369
22075
21953
20894
20506
21039
20711
21206
21000
21375
21223
21561
21456
22019
20942
19342
17050
14282
11068
7802
4180
1438
-680
-1977
-2393
-2076
-882
-659
-606
-572
-568
-586
-585
-664
-655
-642
-619
-703
-541
-624
-595
-254
232
3056
7452
12369
15134
16905
18976
20595
21495
22388
22266
22337
21456
20739
21087
20871
21337
21133
21522
21420
21519
21685
21664
22256
20914
19336
16878
14214
11092
7809
4351
1554
-408
-1811
-2327
-2140
-943
-644
-614
-585
-558
-565
-630
-674
-681
-723
-599
-709
-650
-671
-636
-496
-227
893
4606
8903
13552
15673
17372
19578
20711
21840
22501
22500
22481
21668
21078
21046
21170
21498
21195
21569
21696
21619
21933
21909
22326
21576
20496
18402
16001
13319
10039
6893
3539
1040
-726
-1904
-2253
-1937
-757
-604
-570
-563
-533
-603
-528
-617
-617
-675
-643
-711
-630
-635
-482
-473
-248
310
3234
7134
11970
14779
16619
18586
20261
21294
22395
22593
22680
22474
21664
21198
21240
21449
21642
21425
21903
21809
21850
21953
22034
22380
22231
21095
19175
16988
14484
11472
8498
5108
2268
145
-1249
-2064
-2153
-1296
-624
-609
-540
-508
-545
-552
-631
-588
-704
-616
-733
-618
-702
-585
-680
-507
-318
47
2617
6352
10958
14305
16266
17903
19879
21024
21991
22777
22741
22893
22319
21572
21361
21395
21719
21817
21606
22061
21942
22003
22158
22068
22568
22391
21372
19725
17564
15266
12456
9562
6460
3277
1126
-659
-1746
-2127
-1829
-730
-587
-549
-546
-529
-534
-529
-500
-705
-604
-597
-621
-594
-605
17744
7116
7160
6925
6996
6520
5918
4884
4155
3196
1983
802
-467
-1669
-2738
-3761
-4888
-5698
-6396
-6889
-6925
-7176
-6932
-6650
-6385
-5606
-4669
-3790
-2804
-1591
-370
826
2071
3144
4052
5135
5941
6555
6983
6986
7147
6874
6692
6119
5407
4422
3538
2421
1135
-42
-1259
-2407
-3390
-4554
-5463
-6170
-6732
-7048
-7172
-7150
-6960
-6332
-5897
-4895
-4182
-3044
-1947
-778
463
1650
2807
3752
4783
5733
6377
6822
7151
7200
7097
6838
6326
5633
4795
3784
2843
1585
359
-845
-2042
-3048
-4138
-5039
-5961
-6564
-6860
-7151
-7149
-7127
-6682
-6152
-5368
-4298
-3506
-2417
-1168
10
1302
2433
3477
4394
5432
6146
6568
7059
7016
7110
6978
6567
5861
5074
4152
3187
2024
787
-456
-1637
-2761
-3597
-4894
-5531
-6201
-6841
-7171
-6965
-7154
-6665
-6303
-5661
-4764
-3824
-2845
-1557
-394
827
2074
3100
4091
5139
5939
6537
6992
7164
7189
7078
6655
6158
5187
4510
3521
2434
1203
-5
-1247
-2384
-3306
-4521
-5453
-6157
-6550
-7088
-7164
-7161
-7012
-6567
-5890
-5148
-4120
-3211
-2060
-772
387
1663
2813
3733
4787
5739
6195
6698
7149
7160
7060
6869
6343
5678
4740
3878
2848
1601
414
-859
-1999
-2964
-4091
-5183
-5906
-6591
-6755
-7181
-6980
-7102
-6708
-6140
-5367
-4517
-3508
-2479
-1199
0
1198
2466
3294
4373
5262
6129
6653
7104
7167
7119
6984
6492
5909
5133
4150
3140
2048
810
-337
-1611
-2668
-3701
-4674
-5621
-6354
-6907
-7101
-7212
-6983
-6848
-6262
-5672
-4818
-3801
-2870
-1631
-425
818
2010
3150
4027
5148
5926
6359
6965
7225
7186
7094
6557
6139
5439
4484
3552
2503
1190
3
-1220
-2409
-3320
-4520
-5290
-6148
-6687
-7062
-7173
-7168
-7015
-6505
-5971
-5099
-4219
-3222
-2051
-847
378
1636
2763
3767
4717
5679
6350
6683
7160
7015
7083
6869
6393
5669
4728
3828
2876
1617
409
-792
-2037
-3052
-4110
-5181
-5899
-6534
-7005
-7152
-7139
-7082
-6704
-6136
-5449
-4460
-3584
-2490
-1204
-54
1237
2332
3316
4381
5299
6162
6747
7067
7213
7168
7012
6558
5925
5057
4213
3204
2020
796
-420
-1628
-2719
-3671
-4769
-5667
-6204
-6842
-7125
-7181
-7151
-6830
-6349
-5643
-4823
-3804
-2884
-1601
-406
752
2048
3076
4038
5102
5775
6510
7017
7166
7167
7078
6667
6180
5409
4488
3579
2446
1187
23
-1266
-2283
-3384
-4483
-5420
-6101
-6554
-7046
-7021
-7122
-6972
-6536
-5927
-5142
-4168
-3156
-2039
-811
380
1612
2811
3585
4746
5690
6356
6857
7182
7174
7100
6884
6341
5692
4780
3881
2891
1608
431
-819
-2062
-3056
-4140
-5160
-5901
-6520
-6990
-7130
-7201
-7145
-6696
-6187
-5392
-4505
-3522
-2486
-1221
-1
1221
2400
3448
4254
5289
6155
6691
7096
7195
7134
6983
6550
5731
5137
4166
3245
2033
804
-361
-1620
-2689
-3689
-4869
-5690
-6350
-6853
-6903
-7150
-7138
-6825
-6336
-5701
-4646
-3902
-2841
-1623
-462
817
1998
3029
4036
5090
5912
6564
6965
7009
7151
7083
6736
6179
5390
4532
3540
2537
1227
-12
-1205
-2395
-3333
-5774
-7303
-7908
-8918
-9341
-9463
-9151
-9001
-8441
-7623
-6624
-5442
-4122
-2640
-1355
6
1493
2790
4167
5214
6219
7250
7902
8436
8804
8892
8624
8217
7986
7285
6414
5430
4310
3038
1917
337
-1225
-2834
-4485
-5960
-7494
-8730
-9186
-10027
-10068
-9988
-9414
-8992
-8106
-7115
-5867
-4503
-2943
-1374
-74
1433
2875
4209
5511
6358
7448
8145
8588
8975
9057
8980
8585
8300
7848
7226
6470
5455
4199
2539
1132
-843
-3268
-5668
-7903
-9868
-11390
-12010
-12357
-12404
-12083
-11436
-10633
-9469
-8128
-6689
-5124
-3276
-1661
-58
1670
3254
4802
6377
7355
8569
9370
10013
10422
10547
10583
10273
9757
9453
8812
8161
7120
5982
4618
2812
968
-971
-3575
-6168
-8587
-10803
-12614
-13755
-13770
-13774
-13471
-12769
-11849
-10660
-9229
-7678
-5779
-3915
-2052
-309
1466
3247
4861
6484
7754
9042
9951
10510
11227
11217
11258
11008
10433
10113
9465
8788
7777
6701
5242
3329
1241
-651
-3310
-6064
-8674
-11002
-13231
-14735
-15996
-16730
-16947
-16664
-15867
-14508
-12585
-10630
-8331
-5874
-3308
-656
1885
4512
6815
9149
10830
12027
13050
13764
14327
14479
14450
14025
13711
13195
12626
11514
10395
8832
7181
5079
2686
397
-2047
-5066
-7997
-10880
-13271
-15463
-17319
-18749
-19646
-20065
-20162
-19404
-18309
-16739
-14669
-12039
-9628
-6839
-3924
-1062
1889
4614
7353
9823
12120
13309
14539
15307
15806
16143
16054
15728
15104
14618
13919
13006
11841
10411
8968
7010
4678
2132
-322
-2804
-5839
-8842
-11617
-14154
-16353
-18136
-19507
-20376
-20789
-20674
-20082
-18993
-17445
-15349
-12758
-10051
-7452
-4554
-1583
1299
4175
6825
9369
11725
13171
14311
15060
15691
15887
15923
15587
15005
14322
13668
12923
11856
10667
9237
7743
5644
3289
898
-1488
-4045
-7048
-9878
-12516
-14851
-16817
-18370
-19500
-20213
-20373
-20116
-19354
-18104
-16427
-14217
-11622
-9025
-6386
-3521
-671
2153
4877
7412
9883
11978
13347
14169
15047
15451
15734
15586
15302
14638
13997
13397
12611
11634
10408
9085
7614
5547
3312
1003
-1311
-3830
-6702
-9485
-12073
-14396
-16412
-18029
-19217
-19971
-20290
-20129
-19527
-18468
-16972
-15024
-12540
-9966
-7595
-4792
-2065
733
3410
5989
8428
10727
12585
13488
14486
15082
15592
15683
15598
15175
14536
13981
13337
12566
11636
10417
9145
7643
5700
3500
1304
-994
-3367
-6211
-8992
-11532
-13865
-15933
-17598
-18913
-19827
-20285
-20330
-19971
-19161
-17888
-16296
-14075
-11698
-9246
-6721
-4071
-1304
1306
3950
6355
8794
10934
12610
13566
14478
15057
15496
15642
15622
15257
14606
14124
13479
12858
11921
10892
9585
8343
6595
4484
2404
196
-1944
-4616
-7326
-9980
-12397
-14576
-16484
-18001
-19190
-20008
-20370
-20450
-19922
-19113
-17875
-16242
-14087
-11797
-9351
-7026
-4340
-1761
863
3368
5838
8136
10317
12118
13259
14038
14847
15218
15553
15500
15352
14850
14236
13768
13191
12451
11583
10477
9281
8014
6224
4215
2180
12
-2043
-4650
-7316
-9891
-12266
-14400
-16253
-17805
-19016
-19837
-20279
-20311
-20003
-19296
-18180
-16693
-14811
-12578
-10226
-8051
-5479
-2992
-422
2003
4473
6719
8916
10955
12496
13288
14182
14760
15136
15346
15320
15070
14603
13921
13560
13015
12342
11508
10465
9319
8119
6504
4609
2599
621
-1500
-3849
-6496
-8983
-11326
-13486
-15428
-17070
-18347
-19346
-19988
-20255
-20132
-19637
-18789
-17610
-16059
-14041
-11903
-9639
-7414
-4995
-2555
-125
2290
4583
6759
8888
10803
12241
13056
13962
14457
14922
15080
15136
14899
14592
13939
13578
13076
12489
11766
10870
9764
8767
7389
5693
3842
1933
-124
-2038
-4568
-7079
-9511
-11754
-13818
-15620
-17180
-18399
-19307
-19877
-20143
-19985
-19555
-18764
-17597
-16147
-14220
-12177
-10000
-7879
-5629
-3211
-893
1446
3676
5788
7878
9788
11543
12414
13342
13951
14497
14718
14932
14894
14657
14316
13640
13351
12841
12348
11616
10780
9752
8766
7520
5854
4143
2318
310
-1508
-3907
-6352
-8718
-10975
-13028
-14891
-16486
-17798
-18831
-19515
-19957
-20018
-19776
-19196
-18288
-17108
-15529
-13601
-11614
-9536
-7484
-5275
-2954
-772
1515
3582
5692
7669
9510
11182
12170
12984
13612
14193
14490
14647
14731
14539
14272
13729
13402
12939
12538
11960
11202
10397
9341
8443
7100
5497
3866
2049
208
-1635
-4001
-6386
-8672
-10822
-12868
-14611
-16200
-17492
-18551
-19295
-19772
-19890
-19731
-19225
-18492
-17440
-16100
-14308
-12479
-10449
-8608
-6518
-4289
-2185
-11
2069
4052
6067
7895
9693
11153
12037
12799
13375
13948
14201
14431
14495
14380
14101
13642
13221
12893
12560
12040
11377
10664
9704
8853
7820
6390
4791
3243
1388
-271
-2287
-4603
-6856
-9042
-11137
-13014
-14741
-16193
-17468
-18417
-19164
-19568
-19752
-19594
-19217
-18495
-17517
-16310
-14616
-12909
-10951
-9217
-7240
-5175
-3113
-1058
958
2951
4851
6665
8423
10070
11215
12069
12690
13238
13771
13991
14190
14248
14117
13929
13446
13069
12766
12433
12030
11422
10783
9925
9021
8241
6923
5528
4011
2425
689
-953
-3114
-5384
-7547
-9617
-11559
-13329
-14897
-16336
-17450
-18355
-19019
-19409
-19549
-13265
-1546
-398
682
2031
3126
4250
4997
5910
6426
6995
7279
7217
6925
6671
6136
5448
4521
3542
2343
1168
56
-1130
-2331
-3548
-4503
-5331
-6092
-6598
-7114
-7225
-7068
-6930
-6543
-5889
-5126
-4245
-3121
-2005
-744
325
1521
2788
3851
4879
5649
6260
6839
7162
7287
6913
6899
6307
5695
4841
3856
2772
1560
476
-745
-1998
-3068
-4210
-4987
-5937
-6225
-6796
-7228
-7218
-7105
-6658
-6174
-5370
-4565
-3513
-2376
-1191
-2
1091
2433
3502
4547
5437
6029
6647
7086
7273
7220
6768
6556
5877
5069
4206
3153
1907
817
-274
-1643
-2747
-3892
-4840
-5535
-6291
-6755
-7244
-7257
-7158
-6851
-6303
-5696
-4842
-3898
-2686
-1590
-401
721
1960
3178
4160
5177
5886
6382
7032
7191
7276
7055
6695
6002
5416
4456
3398
2401
1187
61
-1131
-2355
-3441
-4554
-5403
-6116
-6624
-7063
-7304
-7157
-6994
-6525
-5897
-5184
-4197
-3188
-1974
-807
329
1557
2736
3880
4670
5713
6233
6807
7209
7211
7196
6802
6186
5712
4876
3911
2690
1602
455
-687
-1998
-3146
-4156
-5173
-5880
-6457
-7002
-7228
-7294
-7046
-6729
-6110
-5442
-4594
-3423
-2359
-1181
-80
1102
2388
3488
4549
5391
6062
6589
7097
7284
7201
7022
6318
5951
5168
4221
3189
1935
866
-307
-1572
-2762
-3835
-4828
-5712
-6242
-6796
-7186
-7270
-7217
-6836
-6207
-5628
-4761
-3899
-2804
-1627
-435
639
1962
3064
4166
5117
5846
6216
6903
7225
7029
6865
6743
6119
5348
4556
3605
2409
1235
164
-1105
-2316
-3399
-4472
-5432
-5957
-6592
-7159
-7234
-7261
-7010
-6574
-5991
-5167
-4308
-3091
-2050
-830
323
1488
2699
3790
4863
5634
6222
6852
7147
7320
7131
6878
6388
5693
4813
3894
2848
1609
495
-651
-1999
-3052
-4204
-5096
-5917
-6440
-6948
-7288
-7227
-7153
-6686
-6174
-5443
-4584
-3613
-2335
-1233
-66
1058
2343
3501
4482
5303
6037
6606
7100
7218
7274
6937
6582
5904
5194
4279
3175
2036
837
-249
-1559
-2724
-3785
-4848
-5640
-6295
-6771
-7203
-7287
-7124
-6740
-6160
-5715
-4766
-3909
-2840
-1618
-467
718
1943
3140
4177
5104
5891
6386
6996
7015
7031
7107
6665
6193
5279
4576
3442
2405
1253
79
-1088
-2395
-3454
-4504
-5401
-6038
-6621
-7066
-7273
-7044
-6977
-6579
-5890
-5198
-4137
-3199
-2020
-815
273
1549
2707
3860
4834
5671
6246
6764
7191
7237
7165
6695
6332
5718
4849
3924
2705
1601
484
-688
-1945
-3133
-4146
-5170
-5886
-6390
-6791
-7190
-7289
-7061
-6727
-6018
-5427
-4646
-3529
-2452
-1211
-74
1050
2385
3441
4545
5386
6071
6627
7068
7303
7181
7021
6528
5930
5220
4218
3212
1992
864
-268
-1596
-2708
-3845
-4770
-5695
-6260
-6777
-7202
-7013
-7201
-6819
-6385
-5540
-4752
-3947
-2792
-1658
-437
670
1936
3126
4022
5152
5852
6417
6998
7217
7299
7051
6743
6137
5478
4598
3545
2436
1188
133
-1110
-2344
-3440
-4523
-5229
-6103
-6556
-7090
-7267
-7184
-7028
-6328
-5941
-5159
-4281
-3210
-2031
-840
310
1472
2762
3821
4829
5693
6175
6814
7169
7248
7196
6837
6426
7969
7415
6683
5312
3834
2196
491
-1298
-3002
-4575
-6045
-7321
-8471
-9221
-9518
-9580
-9434
-9123
-8494
-7790
-6781
-5796
-4598
-3325
-2017
-550
768
1978
3278
4450
5423
6319
7069
7533
7711
8413
8863
9114
9118
8847
8136
7123
6066
4353
2711
868
-885
-2763
-4422
-5991
-7357
-8554
-9524
-9949
-10043
-9820
-9532
-8847
-8102
-7114
-5965
-4806
-3424
-2088
-609
786
2080
3625
5343
7003
8491
9849
10907
11721
11915
11933
11752
11117
10029
8575
6843
5174
3251
1215
-871
-2885
-4871
-6644
-8183
-9728
-10978
-11903
-12101
-12190
-11897
-11515
-10753
-10089
-8812
-7544
-6230
-4692
-3207
-1572
-13
1542
2941
4837
6738
8455
10088
11431
12730
13368
13643
13464
13206
12469
11325
9731
7826
5912
3897
1664
-615
-2837
-4989
-6981
-8779
-10409
-11718
-12848
-13159
-13282
-13207
-12541
-11845
-10858
-9783
-8511
-7028
-5350
-3846
-2040
-354
1257
2824
4635
6769
8658
10464
12174
13444
14217
14694
14461
14175
13442
12289
10680
8787
6357
3728
921
-1979
-4882
-7675
-10053
-11395
-12393
-13566
-14366
-14794
-15172
-14807
-14539
-13574
-12457
-11230
-9558
-7919
-5950
-4067
-1974
-17
1911
3972
6434
8847
10946
13115
14714
16067
17158
18063
17931
17579
17097
16163
14933
12979
10806
8289
5478
2467
-655
-3855
-6939
-9911
-12590
-14408
-14861
-15715
-16553
-17023
-17175
-16893
-16420
-15435
-14399
-13006
-11285
-9373
-7316
-5110
-3030
-807
1238
3240
5735
8290
10714
12911
14951
16469
17807
18770
19298
19217
18684
17999
16913
15396
13456
11127
8510
5608
2550
-626
-3830
-6983
-10007
-12742
-14997
-15853
-15937
-16750
-17269
-17312
-17175
-16497
-15750
-14482
-13150
-11441
-9621
-7547
-5581
-3367
-1343
727
2643
4613
7176
9505
11759
13777
15555
16862
18023
18737
18969
18642
17997
17156
15926
14235
12178
9798
7126
4232
1187
-1909
-5028
-8065
-10914
-13460
-15259
-15818
-15856
-16720
-16924
-17037
-16622
-16040
-15067
-13913
-12432
-10806
-8910
-7041
-4915
-2978
-883
1012
2881
4858
7310
9616
11752
13734
15414
16722
17839
18541
18787
18492
17902
17141
15963
14396
12449
10167
7603
4831
1898
-1116
-4145
-7130
-9982
-12556
-14671
-15509
-15544
-16312
-16695
-16982
-16708
-16363
-15542
-14607
-13284
-11886
-10110
-8389
-6367
-4478
-2380
-526
1417
3125
5235
7610
9846
11922
13877
15457
16775
17851
18567
18793
18626
18061
17387
16323
14886
13079
10939
8543
5895
3087
177
-2781
-5730
-8591
-11232
-13632
-15141
-15551
-15741
-16454
-16894
-16859
-16764
-16156
-15518
-14393
-13247
-11717
-10123
-8306
-6482
-4561
-2610
-730
1122
2797
4744
7090
9264
11348
13271
14975
16271
17449
18323
18761
18799
18368
17841
17055
15880
14349
12487
10318
7915
5295
2524
-318
-3189
-6064
-8846
-11415
-13700
-15067
-15563
-15657
-16437
-16773
-16874
-16734
-16242
-15631
-14624
-13562
-12169
-10662
-8912
-7223
-5318
-3525
-1627
130
1842
3451
5586
7808
9875
11838
13678
15242
16455
17552
18312
18700
18677
18250
17753
16982
15849
14358
12576
10489
8168
5646
2974
217
-2577
-5380
-8098
-10658
-12957
-14680
-15326
-15418
-16019
-16483
-16736
-16638
-16377
-15827
-15052
-14134
-12872
-11597
-9968
-8400
-6627
-4905
-3098
-1333
348
1983
3482
5602
7715
9733
11634
13411
14943
16154
17231
18048
18494
18535
18287
17802
17169
16176
14871
13240
11341
9170
6806
4277
1634
-1065
-3792
-6459
-9059
-11454
-13582
-14788
-15178
-15281
-15937
-16389
-16541
-16395
-16154
-15522
-14884
-13828
-12796
-11467
-9966
-8468
-6757
-5153
-3359
-1757
-47
1466
2964
4786
6888
8855
10703
12502
14115
15424
16538
17503
18134
18409
18374
17964
17541
16836
15795
14472
12835
10948
8813
6509
4047
1489
-1139
-3764
-6364
-8878
-11198
-13300
-14490
-14909
-15028
-15555
-16127
-16305
-16268
-16097
-15576
-15048
-14109
-13205
-11979
-10653
-9269
-7644
-6130
-4496
-2870
-1273
277
1753
3146
5022
7045
8881
10721
12400
13969
15245
16323
17267
17920
18248
18289
17917
17567
16985
16093
14883
13411
11669
9703
7542
5224
2809
286
-2258
-4794
-7276
-9647
-11828
-13639
-14382
-14742
-14828
-15466
-15990
-16061
-16121
-15854
-15414
-14843
-13994
-13147
-11992
-10789
-9422
-7918
-6508
-4894
-3398
-1889
-361
1043
2430
3950
5918
7735
9521
11225
12808
14267
15391
16447
17289
17857
18131
18116
17748
17431
16855
16003
14867
13430
11774
9882
7833
5614
3291
873
-1574
-4030
-6428
-8765
-10947
-12886
-13917
-14375
-14456
-14906
-15512
-15814
-15879
-15838
-15467
-15091
-14451
-13681
-12818
-11709
-10530
-9180
-7810
-6437
-4917
-3513
-2037
-569
741
2069
3411
5281
7045
8796
10443
11992
13475
14716
15752
16714
17395
17801
17992
17799
17543
17208
16589
15688
14513
13126
11491
9683
7674
5539
3279
970
-1397
-3753
-6100
-8352
-10482
-12395
-13522
-14001
-14172
-14449
-15056
-15510
-15574
-15626
-15454
-15054
-14647
-13930
-13193
-12291
-11220
-10058
-8772
-7483
-6156
-4700
-3396
-1967
-620
652
1912
3141
4905
6624
8287
9903
11392
12850
14151
15174
16153
16936
17474
17756
17784
17499
17311
16876
16201
15262
14078
12665
11055
9263
7321
5250
3072
837
-1438
-5474
11792
12229
12666
13100
13536
13971
14407
14843
15279
15715
16152
207
647
1088
1529
1970
2412
2855
3298
3741
4183
4624
5063
5503
5943
6383
6822
7260
7698
8136
8575
9014
9454
9893
10330
10767
11205
11644
12082
12519
12954
13389
13824
14260
14697
15133
15569
16006
60
500
941
1382
1823
2265
2708
3151
3594
4037
4478
4918
5358
5798
6238
6677
7116
7553
7991
8430
8869
9309
9748
10185
10622
11060
11498
11936
12374
12809
13244
13679
14115
14551
14988
15423
15859
16297
351
792
1233
1674
2115
2557
3000
3443
3887
4328
4768
5208
5648
6088
6527
6966
7404
7842
8280
8719
9159
9598
10037
10474
10911
11349
11787
12225
12661
13096
13531
13966
14402
14839
15275
15711
16148
203
643
1083
1525
1965
2407
2850
3293
3736
4179
4619
5059
5499
5939
6378
6817
7256
7693
8132
8571
9010
9449
9888
10325
10762
11201
11639
12076
12513
12948
13383
13819
14255
14691
15127
15563
15999
53
493
933
1374
1814
2256
2698
3141
3584
4027
4468
4908
5348
5788
6227
6667
7105
7543
7981
8420
8859
9299
9738
10175
10612
11050
11489
11927
12364
12800
13235
13670
14106
14542
14978
15414
15850
16288
343
783
1224
1665
2106
2548
2991
3434
3877
4319
4759
5199
5639
6079
6518
6957
7395
7833
8271
8710
9149
9589
10027
10463
10901
11338
11776
12213
12650
13084
13519
13954
14389
14825
15261
15697
16133
188
627
1067
1508
1948
2390
2832
3275
3718
4160
4600
5040
5480
5919
6359
6798
7237
7674
8113
8552
8991
9431
9870
10308
10746
11184
11622
12060
12497
12933
13368
13804
14239
14676
15112
15548
15985
39
478
919
1360
1800
2242
2685
3128
3571
4014
4455
4895
5335
5775
6215
6654
7093
7531
7969
8408
8847
9286
9725
10163
10600
11039
11477
11915
12352
12788
13223
13659
14095
14531
14967
15403
15840
16278
333
773
1215
1656
2097
2539
2982
3426
3869
4311
4750
5190
5630
6070
6509
6948
7386
7824
8262
8702
9141
9581
10019
10457
10895
11333
11772
12210
12646
13082
13517
13953
14390
14826
15263
15698
16136
191
631
1072
1513
1954
2396
2839
3282
3725
4167
4608
5048
5488
5928
6368
6807
7246
7683
8122
8561
9000
9439
9879
10316
10753
11191
11629
12068
12505
12940
13375
13810
14246
14682
15119
15555
15992
46
485
926
1368
1808
2250
2692
3135
3579
4021
4462
4902
5342
5781
6221
6660
7099
7536
7974
8412
8851
9290
9729
10167
10604
11043
11481
11919
12356
12792
13228
13663
14099
14535
14972
15408
15844
16282
337
777
1218
1659
2100
2543
2986
3429
3871
4313
4753
5193
5633
6073
6512
6951
7389
7827
8266
8705
9144
9583
10022
10459
10897
11335
11773
12211
12647
13082
13517
13953
14388
14825
15261
15697
16134
189
629
1070
1511
1952
2394
2837
3280
3723
4166
4606
5046
5485
5925
6365
6804
7242
7679
8117
8555
8994
9434
9872
10309
10746
11184
11622
12060
12497
12932
13367
13803
14239
14675
15112
15548
15984
38
478
919
1360
1808
2298
2821
3352
3870
4363
4822
5251
5652
6034
6402
6761
7117
7475
7838
8204
8573
8946
9321
9699
10079
10460
10844
11230
11617
12006
12397
12790
13184
13581
13979
14380
14782
15187
15595
16006
45
486
955
1456
1987
2542
3104
3653
4175
4661
5110
5527
5918
6292
6653
7010
7366
7726
8092
8462
8836
9214
9594
9978
10364
10753
11144
11537
11932
12328
12726
13126
13534
13955
14399
14872
15374
15903
64
609
1141
1659
2162
2654
3135
3604
4057
4487
4894
5279
5646
6000
6343
6680
7015
7352
7693
8038
8386
8738
9092
9449
9808
10170
10535
10902
11271
11641
12014
12388
12765
13145
13534
13940
14371
14832
15325
15844
16374
521
1042
1551
2048
2532
3006
3471
3924
4358
4769
5158
5527
5881
6222
6556
6887
7218
7553
7893
8236
8583
8933
9286
9642
10001
10363
10728
11096
11465
11837
12211
12589
12969
13357
13763
14194
14659
15159
15685
16221
374
901
1415
1914
2400
2874
3339
3795
4245
4688
5125
5557
5983
6405
6819
7218
7599
7964
8314
8651
8981
9305
9629
9954
10284
10617
10952
11290
11630
11972
12316
12662
13012
13373
13749
14148
14573
15021
15482
15950
36
503
963
1415
1859
2295
2725
3149
3567
3981
4391
4797
5200
5599
5995
6388
6777
7159
7527
7881
8221
8549
8868
9182
9493
9805
10121
10441
10763
11088
11415
11745
12076
12410
12746
13088
13443
13818
14218
14644
15088
15545
16007
87
547
1000
1445
1882
2310
2733
3149
3560
3966
4368
4767
5162
5554
5942
6328
6710
7089
7457
7810
8150
8477
8793
9102
9407
9711
10019
10330
10645
10962
11282
11605
11929
12256
12584
12916
13257
13613
13993
14402
14835
15287
15748
16215
296
755
1206
1648
2081
2506
2923
3335
3741
4143
4540
4934
5324
5710
6093
6473
6849
7221
7580
7925
8256
8574
8884
9187
9486
9787
10090
10397
10707
11020
11335
11653
11973
12295
12619
12946
13282
13635
14011
14416
14843
15288
15742
16200
273
724
1167
1601
2025
2442
2852
3256
3655
4049
4439
4825
5207
5586
5962
6334
6703
7068
7424
7767
8096
8412
8718
9016
9310
9603
9897
10195
10496
10800
11106
11415
11725
12038
12352
12668
12988
13318
13664
14033
14429
14845
15277
15717
16160
219
656
1086
1507
1920
2325
2724
3118
3506
3890
4270
4646
5019
5388
5755
6118
6478
6835
7188
7529
7857
8172
8475
8770
9058
9343
9626
9912
10202
10494
10788
11085
11384
11684
11987
12291
12597
12905
13222
13552
13903
14279
14677
15091
15515
15945
16375
418
839
1252
1657
2055
2447
2833
3213
3589
3962
4330
4695
5057
5416
5771
6124
6474
6821
7164
7496
7815
8122
8418
8704
8984
9260
9534
9810
10089
10371
10656
10943
11231
11521
11813
12107
12402
12698
12998
13309
13634
13981
14353
14746
15152
15568
15988
24
441
852
1255
1650
2038
2420
2797
3169
3536
3900
4259
4616
4970
5320
5668
6013
6355
6694
7030
7358
7673
7976
8268
8550
8824
9093
9360
9626
9894
10166
10441
10717
10996
11276
11557
11840
12125
12411
12697
12989
13289
13605
13941
14302
14683
15079
15484
15894
16305
329
732
1127
1515
1896
2271
2640
3005
3365
3721
4074
4423
4770
5113
5453
5791
6126
6458
6788
7114
7429
7731
8023
8304
8576
8841
9101
9359
9616
9877
10140
10406
10674
10944
11215
11487
11761
12036
12312
12589
12869
13157
13457
13775
14115
14477
14857
15248
15646
16047
63
459
848
1231
1606
1976
2340
2698
3052
3402
3749
4092
4432
4769
5103
5434
5763
6089
6413
6734
7051
7359
7654
7938
8212
8478
8736
8989
9239
9488
9739
9992
10248
10507
10767
11028
11290
11554
11819
12085
12352
12620
12891
13170
13462
13771
14102
14455
14823
15203
15590
15979
16368
370
750
1123
1489
1850
2205
2555
2900
3241
3579
3914
4246
4575
4901
5225
5546
5864
6180
6494
6805
7111
7405
7688
7962
8225
8481
8730
8974
9215
9455
9697
9942
10189
10438
10689
10940
11193
11447
11703
11959
12217
12474
12733
12998
13273
13562
13868
14197
14544
14906
15278
15656
16035
29
403
771
1133
1488
1838
2183
2523
2858
3189
3518
3844
4167
4488
4805
5120
5432
5743
6051
6356
6659
6959
7248
7527
7796
8056
8307
8551
8789
9023
9255
9487
9721
9957
10196
10436
10678
10921
11165
11410
11656
11902
12150
12398
12647
12901
13163
13436
13725
14034
14364
14710
15068
15432
15800
16168
150
511
867
1216
1560
1898
2232
2560
2884
3205
3523
3839
4153
4464
4773
5079
5383
5684
5983
6280
6575
6866
7149
7421
7684
7937
8183
8420
8652
8879
9104
9327
9551
9777
10006
10236
10468
10701
10935
11170
11406
11643
11880
12118
12357
12597
12840
13091
13352
13627
13920
14234
14565
14909
15261
15618
15976
16333
302
650
993
1330
1662
1988
2310
2626
2939
3250
3558
3865
4169
4471
4771
